# [1] m:            [M_sun/h] 
# [2] sigma 
# [3] ln(1/sigma) 
# [4] n_eff 
# [5] f(sigma) 
# [6] dn/dm:        [h^4/(Mpc^3*M_sun)] 
# [7] dn/dlnm:      [h^3/Mpc^3] 
# [8] dn/dlog10m:   [h^3/Mpc^3] 
# [9] n(>m):        [h^3/Mpc^3] 
# [11] rho(>m):     [M_sun*h^2/Mpc^3] 
# [11] rho(<m):     [M_sun*h^2/Mpc^3] 
# [12] Lbox(N=1):   [Mpc/h]
1.000000000000000000e+10 6.855277098063012886e-01 3.775663580304421396e-01 -2.366626478989699578e+00 1.230631958159047329e-01 1.110486139536095544e-11 1.110486139536095568e-01 2.556988830872319873e-01 7.943314186993698234e-02 2.000429709696965218e+09 8.348189029030303955e+10 2.326301958918153279e+00
1.122018454301965332e+10 6.772175187459117396e-01 3.897627596751412904e-01 -2.362084558369764054e+00 1.180308726370289107e-01 8.520866931011748827e-12 9.560569943246532976e-02 2.201402583184639827e-01 6.753716333479463374e-02 1.874754630833128214e+09 8.360756536916687012e+10 2.455570429003092858e+00
1.258925411794171333e+10 6.689494260617365740e-01 4.020468180317286477e-01 -2.357490689271687589e+00 1.130021690795092876e-01 6.526664001798249320e-12 8.216583166106054825e-02 1.891938191362162180e-01 5.730381139842767590e-02 1.753459046074855804e+09 8.372886095392514038e+10 2.593814002375804506e+00
1.412537544622761154e+10 6.607231400219517603e-01 4.144203770664135478e-01 -2.352822044009573510e+00 1.079858006912971791e-01 4.990170895731826037e-12 7.048803744304998897e-02 1.623047042507730353e-01 4.851634831375298273e-02 1.636598447302835464e+09 8.384572155269715881e+10 2.741809634833614506e+00
1.584893192461123848e+10 6.525386433000690545e-01 4.268849180905460172e-01 -2.348017586563213577e+00 1.029909553259045346e-01 3.808553125206077176e-12 6.036149921265650253e-02 1.389874882778346921e-01 4.098404350053782425e-02 1.524212994194855690e+09 8.395810700580514526e+10 2.900425615862901374e+00
1.778279410038937378e+10 6.443959720967776805e-01 4.394418783245858662e-01 -2.343127634558074490e+00 9.802712437151843428e-02 2.901030564091556215e-12 5.158842920017658179e-02 1.187867480473053516e-01 3.453968759240935021e-02 1.416333906133152008e+09 8.406598609386685181e+10 3.070627947072584352e+00
1.995262314968899155e+10 6.362950141358024725e-01 4.520929644871145570e-01 -2.338180510358795594e+00 9.310393847266286438e-02 2.205122168335969485e-12 4.399797162383264904e-02 1.013090735830120964e-01 2.903729205165143934e-02 1.312990354902502060e+09 8.416932964509750366e+10 3.253478659739748924e+00
2.238721138568365097e+10 6.282356193622594676e-01 4.648399928128395531e-01 -2.333184098368056070e+00 8.823118963387648062e-02 1.672449961823082507e-12 3.744149082731190042e-02 8.621221863844169553e-02 2.434925974611511570e-02 1.214204531664164305e+09 8.426811546833583069e+10 3.450150811255610517e+00
2.511886431509613037e+10 6.202178389558098415e-01 4.776845094985331386e-01 -2.328061430652279995e+00 8.341892383674084921e-02 1.265666261129014032e-12 3.179209908149473185e-02 7.320401342003947376e-02 2.036385394465310347e-02 1.119983210586514235e+09 8.436233678941348267e+10 3.661957858487870254e+00
2.818382931264495468e+10 6.122418985580300177e-01 4.906278154823557891e-01 -2.322834617808168023e+00 7.867736254998490553e-02 9.555855879656712293e-13 2.693206110484794996e-02 6.201336242362764234e-02 1.698341954856143893e-02 1.030318818034785748e+09 8.445200118196520996e+10 3.890376386914283113e+00
3.162277660168431091e+10 6.043078730791385800e-01 5.036714872713309310e-01 -2.317549636563312809e+00 7.401664184326929574e-02 7.196569047572246669e-13 2.275754952899732009e-02 5.240119429854289690e-02 1.412305563050718707e-02 9.451976859694113731e+08 8.453712231403059387e+10 4.137046891043182129e+00
3.548133892335818481e+10 5.964157741842560645e-01 5.168172474402223937e-01 -2.312230942455617999e+00 6.944679737934002228e-02 5.405301282248370177e-13 1.917873267783170091e-02 4.416066396649305503e-02 1.170900917388129937e-02 8.645989173134130239e+08 8.461772108268658447e+10 4.403790172080566556e+00
3.981071705535050964e+10 5.885657077671361259e-01 5.300667055542341854e-01 -2.306808876054347479e+00 6.497778150060544433e-02 4.048954743672809307e-13 1.611917916702774664e-02 3.711578166129827355e-02 9.677098033186525006e-03 7.884867831313687563e+08 8.469383321686863708e+10 4.692651326436711123e+00
4.466835921509725952e+10 5.807580310773988730e-01 5.434210786241381319e-01 -2.301264190123321285e+00 6.061946586155079336e-02 3.024476097471710162e-13 1.350983847593418587e-02 3.110755268344345820e-02 7.971514674567988998e-03 7.168085526420508623e+08 8.476551144735795593e+10 5.005948568971738233e+00
5.011872336272837830e+10 5.729929976428801419e-01 5.568817828606024145e-01 -2.295659882989613543e+00 5.638134993661116090e-02 2.252386653043410623e-13 1.128867435697843667e-02 2.599313329404269457e-02 6.543997525130840903e-03 6.495019027805194855e+08 8.483281809721948242e+10 5.346287274530434175e+00
5.623413251903628540e+10 5.652707569498246487e-01 5.704504467825389780e-01 -2.290021454078070562e+00 5.227247851300419884e-02 1.672027316104942581e-13 9.402500566929391720e-03 2.165005764227968116e-02 5.352917751722786888e-03 5.864965310956352949e+08 8.489582346890435791e+10 5.716582513667799681e+00
6.309573444802097321e+10 5.575914566442944365e-01 5.841287413097745462e-01 -2.284309959324306583e+00 4.830141162779235525e-02 1.237114357468830899e-13 7.805663898068744382e-03 1.797320533261488607e-02 4.362336177350427391e-03 5.277089110619567037e+08 8.495461108893804932e+10 6.120124961589612944e+00
7.079457843841575623e+10 5.499554985221429826e-01 5.979179158070768718e-01 -2.278464227753304261e+00 4.447626123111331903e-02 9.122443659866376226e-14 6.458195532284386614e-03 1.487054476027877686e-02 3.541242425028088680e-03 4.730392476044581532e+08 8.500928075239553833e+10 6.560668797709399591e+00
7.943282347243049622e+10 5.423632745934887645e-01 6.118192537311156753e-01 -2.272547419090566123e+00 4.080445436551859151e-02 6.702507582702835865e-14 5.323991016394612370e-03 1.225894234958445350e-02 2.863005247281510870e-03 4.223763388277890682e+08 8.505994366117221069e+10 7.042485346383512201e+00
8.912509381337731934e+10 5.348150175011758822e-01 6.258343535555275228e-01 -2.266586265575464942e+00 3.729257663233377651e-02 4.905649094525677851e-14 4.372164357651105344e-03 1.006728047404732360e-02 2.304849676690718958e-03 3.756010958200819492e+08 8.510671890417991638e+10 7.570405304860673645e+00
1.000000000000032654e+11 5.273109009544848513e-01 6.399649595046776884e-01 -2.260578313503839532e+00 3.394634682639959683e-02 3.576105132528785192e-14 3.576105132528901911e-03 8.234286369140546638e-03 1.847310505611024414e-03 3.325841969798538685e+08 8.514973580302014160e+10 8.149920392951688797e+00
1.122018454302001953e+11 5.198512864175921511e-01 6.542124959674096019e-01 -2.254435629034087007e+00 3.077064794262290848e-02 2.596251958760582584e-14 2.913042609747093763e-03 6.707528488460129910e-03 1.473765134171009083e-03 2.931835541899802685e+08 8.518913644581001282e+10 8.787336160339982882e+00
1.258925411794212494e+11 5.124366350756057731e-01 6.685782144903565927e-01 -2.248193319057927297e+00 2.776940302199364455e-02 1.876712619663408673e-14 2.362641207529152243e-03 5.440182424550078256e-03 1.170072361345755266e-03 2.572466675753028393e+08 8.522507333242469788e+10 9.489917269436210390e+00
1.412537544622807312e+11 5.050672230590194101e-01 6.830637435974331595e-01 -2.241895832304716674e+00 2.494539710101244950e-02 1.350343804040389238e-14 1.907411321355832702e-03 4.391976874762015988e-03 9.242683788629539295e-04 2.246151272508558929e+08 8.525770487274914551e+10 1.026598522643851119e+01
1.584893192461175842e+11 4.977432376281621940e-01 6.976709220102563780e-01 -2.235565336294677685e+00 2.230028163039918243e-02 9.668871089119491868e-15 1.532412796793015822e-03 3.528510862208912233e-03 7.262561854386815480e-04 1.951247645614642501e+08 8.528719523543853760e+10 1.112508621434612799e+01
1.778279410038995667e+11 4.904649549582097978e-01 7.124014501169674274e-01 -2.229110621185282248e+00 1.983460723571549289e-02 6.888754649477797470e-15 1.225013055397676520e-03 2.820696800081779181e-03 5.675259938814149240e-04 1.686040148449930549e+08 8.531371598515501404e+10 1.207827038034622547e+01
1.995262314968964539e+11 4.832328454811929408e-01 7.272566597520345733e-01 -2.222522852696533491e+00 1.754782542767216458e-02 4.882429576451495404e-15 9.741727739383551719e-04 2.243115707271115325e-03 4.409306811975930926e-04 1.448750366440398395e+08 8.533744496335595703e+10 1.313842259912597932e+01
2.238721138568438416e+11 4.760472298903832278e-01 7.422382072141512355e-01 -2.215868059531267420e+00 1.543816544791627200e-02 3.441199772438070897e-15 7.703886672594009418e-04 1.773885461043046841e-03 3.405056519897394396e-04 1.237579388493666649e+08 8.535856206115063477e+10 1.432051242089812426e+01
2.511886431509695129e+11 4.689083163650372699e-01 7.573480171406186123e-01 -2.209176206882378146e+00 1.350267459840772018e-02 2.411151942641308840e-15 6.056539849028946430e-04 1.394569837149846206e-03 2.612942695349174658e-04 1.050723490224525630e+08 8.537724765097755432e+10 1.564191920269473712e+01
2.818382931264587402e+11 4.618163148606369561e-01 7.725880538407564613e-01 -2.202385109213563119e+00 1.173729023627924188e-02 1.679137060745393331e-15 4.732451231258605405e-04 1.089687165841738336e-03 1.991878444601281016e-04 8.863695712156307697e+07 8.539368304287843323e+10 1.712296843344574881e+01
3.162277660168534546e+11 4.547716729781032252e-01 7.879598036143347084e-01 -2.195434228533031273e+00 1.013694144127856057e-02 1.161966320515846892e-15 3.674460137235493746e-04 8.460757136799304263e-04 1.507937724720865994e-04 7.427025202954405546e+07 8.540804974797045898e+10 1.878763861850692507e+01
3.548133892335934448e+11 4.477747837705237655e-01 8.034648877685389712e-01 -2.188402255694329668e+00 8.695536416128475665e-03 7.986605991123996782e-16 2.833754740184028071e-04 6.524961421948958541e-04 1.133294760752160996e-04 6.179357701724074036e+07 8.542052642298275757e+10 2.066422108429371818e+01
3.981071705535180664e+11 4.408258913176738014e-01 8.191052857593282832e-01 -2.181317620413870007e+00 7.406040424602466921e-03 5.450377354774406006e-16 2.169834307158207223e-04 4.996228129929552054e-04 8.452650219551994778e-05 5.103313221477501839e+07 8.543128686778523254e+10 2.278604937349313531e+01
4.466835921509872437e+11 4.339251883633081230e-01 8.348831367834310679e-01 -2.174164517662721341e+00 6.260611092572643255e-03 3.691775769194733727e-16 1.649055661999877678e-04 3.797090984838346326e-04 6.254320440860028992e-05 4.182030100208038092e+07 8.544049969899792480e+10 2.519261736360303061e+01
5.011872336273001709e+11 4.270730734067240131e-01 8.508001482948837069e-01 -2.166843453835149091e+00 5.250758078064697403e-03 2.481267974638176971e-16 1.243579832096921992e-04 2.863448383334410863e-04 4.589185598816846064e-05 3.399224596530625969e+07 8.544832775403469849e+10 2.793110554919409694e+01
5.623413251903812256e+11 4.202700075829174375e-01 8.668578990630386727e-01 -2.159410016065619775e+00 4.367439516904005579e-03 1.654002494626089841e-16 9.301139546962317549e-05 2.141666526869282492e-04 3.337906871265928078e-05 2.739356754852256179e+07 8.545492643245147705e+10 3.105812699890245199e+01
6.309573444802304688e+11 4.135162711382872613e-01 8.830584155022780379e-01 -2.151910507276500795e+00 3.601174469303845306e-03 1.092976678432292477e-16 6.896216626024620640e-05 1.587912560114198592e-04 2.405512099520062347e-05 2.187793583594255149e+07 8.546044206416406250e+10 3.464156347476857434e+01
7.079457843841807861e+11 4.068120634667446445e-01 8.994039607077324305e-01 -2.144365808024451425e+00 2.942215302442248090e-03 7.156285049215942545e-17 5.066261832443966098e-05 1.166549897259017507e-04 1.716896485176761338e-05 1.730853790035562217e+07 8.546501146209963989e+10 3.876311141585384945e+01
7.943282347243309326e+11 4.001577033382075488e-01 9.158965512280359267e-01 -2.136660322737715223e+00 2.380718813626318646e-03 4.641035117949920227e-17 3.686505232534787157e-05 8.488491993679149353e-05 1.213046711020030600e-05 1.355824048005714081e+07 8.546876175951994324e+10 4.352186442852418224e+01
8.912509381338023682e+11 3.935536774460549059e-01 9.325378101454921964e-01 -2.128802328635515551e+00 1.906889543786921461e-03 2.979663996254082237e-17 2.655628331984965484e-05 6.114810209761224323e-05 8.479641559340227484e-06 1.051012068086449802e+07 8.547180987931913757e+10 4.903891300964458821e+01
1.000000000000065430e+12 3.870003078687682119e-01 9.493297904261387421e-01 -2.120865535879139507e+00 1.511095268632522970e-03 1.892658247464643494e-17 1.892658247464767182e-05 4.358006666744608569e-05 5.861437340213778239e-06 8.058161430188323371e+06 8.547426183856980896e+10 5.546239562774305654e+01
1.122018454302038818e+12 3.804978136470503758e-01 9.662748476967724098e-01 -2.112887432335333493e+00 1.184012525637413932e-03 1.188666652057348959e-17 1.333705919621765990e-05 3.070971368958993651e-05 4.004192831287885816e-06 6.107238126350811683e+06 8.547621276187364197e+10 6.297405687861287760e+01
1.258925411794253662e+12 3.740464396439115435e-01 9.833753191051961551e-01 -2.104775670440982349e+00 9.167547512992671411e-04 7.377514913118278646e-18 9.287741000015676567e-06 2.138581397422570840e-05 2.701804639692500368e-06 4.572737872598086484e+06 8.547774726212739563e+10 7.179849688249409212e+01
1.412537544622853760e+12 3.676466612880726625e-01 1.000632961604932758e+00 -2.096473625267849528e+00 7.009784052420326350e-04 4.522416152772359630e-18 6.388082608199801833e-06 1.470910378645538809e-05 1.799431695675476980e-06 3.380230222343596630e+06 8.547893976977764893e+10 8.221572256449682925e+01
1.584893192461227539e+12 3.612988630632444909e-01 1.018049787627724356e+00 -2.088078944657067559e+00 5.289498649590431041e-04 2.735878483587602032e-18 4.336075184039136794e-06 9.984182080869931060e-06 1.182099548992346669e-06 2.465204633383937180e+06 8.547985479536662292e+10 9.457622665086717006e+01
1.778279410039053711e+12 3.550032892363119696e-01 1.035628224095245242e+00 -2.079627027751534740e+00 3.936095113416413979e-04 1.632129036063413441e-18 2.902381459358456427e-06 6.682980282501085689e-06 7.654204899080729022e-07 1.772502922225620598e+06 8.548054749707777405e+10 1.093200878545960109e+02
1.995262314969029785e+12 3.487601398023167931e-01 1.053370871567238964e+00 -2.071079542066212476e+00 2.886155352026852170e-04 9.594520644631021071e-19 1.914358547242463943e-06 4.407973453526235447e-06 4.881466465073911020e-07 1.255521183443786576e+06 8.548106447881655884e+10 1.270037555184249243e+02
2.238721138568511719e+12 3.425698346186906718e-01 1.071279745367056391e+00 -2.062321854699925794e+00 2.083637950355237539e-04 5.553938966051072998e-19 1.243372056561788133e-06 2.862969962484523215e-06 3.063730611071228766e-07 8.754098161611484829e+05 8.548144459018383789e+10 1.483371081244933691e+02
2.511886431509777344e+12 3.364328163784060521e-01 1.089356803981251121e+00 -2.053438227143082884e+00 1.479780314550463297e-04 3.162796555034780336e-19 7.944585752217731844e-07 1.829308472306943805e-06 1.890661002373366987e-07 6.002996535427873023e+05 8.548171970034645081e+10 1.742323434104480384e+02
2.818382931264679688e+12 3.303493488145440860e-01 1.107604551706780294e+00 -2.044479111325679277e+00 1.032857997603894357e-04 1.770132811741416821e-19 4.988912102683563276e-07 1.148739463789675277e-06 1.146149018349215234e-07 4.044845828465716913e+05 8.548191551541716003e+10 2.058667955068835909e+02
3.162277660168638184e+12 3.243196188818997516e-01 1.126025771408948328e+00 -2.035459750593500594e+00 7.078156128487705500e-05 9.726700492060987019e-20 3.075852767319575720e-07 7.082412730274538796e-07 6.819038341449348508e-08 2.675535015235953615e+05 8.548205244649847412e+10 2.447704328651423111e+02
3.548133892336050781e+12 3.183439635530272982e-01 1.144622834366767261e+00 -2.026232451287068859e+00 4.757508755015777465e-05 5.242759593458924387e-20 1.860201300292158497e-07 4.283271784020864922e-07 3.977617212875508961e-08 1.735680581635650888e+05 8.548214643194183350e+10 2.929492145242240326e+02
3.981071705535311035e+12 3.124228587479039865e-01 1.163397692285359719e+00 -2.016829734994475487e+00 3.132836285558829087e-05 2.768799358370413373e-20 1.102278878391277606e-07 2.538090913705952372e-07 2.272276538443812777e-08 1.103131988895599497e+05 8.548220968680111694e+10 3.530581749378340533e+02
4.466835921510018555e+12 3.065565996746799637e-01 1.182352876136548270e+00 -2.007337076339887449e+00 2.018722477122371643e-05 1.430880844790270696e-20 6.391509956909782824e-08 1.471699554850348181e-07 1.269828921304741774e-08 6.861779298979294254e+04 8.548225138220701599e+10 4.286323335279556659e+02
5.011872336273166016e+12 3.007453811782455078e-01 1.201491281923598331e+00 -1.997800857747413561e+00 1.271278996678785741e-05 7.226365913398938525e-21 3.621762341315150621e-08 8.339415977479479442e-08 6.934186331551701914e-09 4.173416983705249004e+04 8.548227826583016968e+10 5.244066183572646196e+02
5.623413251903997070e+12 2.949894499969880624e-01 1.220815686003893008e+00 -1.988084670284960165e+00 7.813389661933387210e-06 3.562121337071519037e-21 2.003128033177796387e-08 4.612372748553676761e-08 3.696239150043425933e-09 2.480082826826719975e+04 8.548229519917173767e+10 6.467652024607216390e+02
6.309573444802510742e+12 2.892892742919130344e-01 1.240328142378264165e+00 -1.978140347352795425e+00 4.680050971407485115e-06 1.711460518372993621e-21 1.079858583855418022e-08 2.486466277727146535e-08 1.921529393473227636e-09 1.439437335969680498e+04 8.548230560562663269e+10 8.043609701706335500e+02
7.079457843842039062e+12 2.836451963211302774e-01 1.260031130586066750e+00 -1.968091133405163395e+00 2.727761415963532442e-06 8.001525178907119790e-22 5.664646019051358595e-09 1.304332948055572396e-08 9.738295870275522874e-10 8.163745430337387006e+03 8.548231183625456238e+10 1.008878835966637553e+03
7.943282347243568359e+12 2.780574242892023817e-01 1.279927624431156596e+00 -1.957987405193825525e+00 1.544501148696429776e-06 3.634011137684715895e-22 2.886597651965752141e-09 6.646636722887955921e-09 4.815804319414624410e-10 4.535350096577575641e+03 8.548231546464990234e+10 1.275783720337335808e+03
8.912509381338316406e+12 2.725261347163815961e-01 1.300020762261562046e+00 -1.947753096906689407e+00 8.480595431979831203e-07 1.600549285755102690e-22 1.426491052458669494e-09 3.284617032680719878e-09 2.332990880522465904e-10 2.483592789894402358e+03 8.548231751640721130e+10 1.624409994627319747e+03
1.000000000000098242e+13 2.670517405374213116e-01 1.320312854571384031e+00 -1.937254093783672859e+00 nan nan nan nan nan nan nan nan
1.122018454302075391e+13 2.616346366572431803e-01 1.340806265039595102e+00 -1.926618100836566150e+00 nan nan nan nan nan nan nan nan
1.258925411794294922e+13 2.562750379845178395e-01 1.361504044094878241e+00 -1.915904314981551559e+00 nan nan nan nan nan nan nan nan
1.412537544622899805e+13 2.509730826415613736e-01 1.382409586072890662e+00 -1.905113749448799521e+00 nan nan nan nan nan nan nan nan
1.584893192461279492e+13 2.457290900288715829e-01 1.403525609927416484e+00 -1.894052208304947360e+00 nan nan nan nan nan nan nan nan
1.778279410039111719e+13 2.405434864482307311e-01 1.424854388949154060e+00 -1.882791342795341993e+00 nan nan nan nan nan nan nan nan
1.995262314969094922e+13 2.354164994352759277e-01 1.446398995553278111e+00 -1.871435453428292650e+00 nan nan nan nan nan nan nan nan
2.238721138568585156e+13 2.303482540945916979e-01 1.468162966988206364e+00 -1.860042164677954801e+00 nan nan nan nan nan nan nan nan
2.511886431509859375e+13 2.253389582972734062e-01 1.490149529061127298e+00 -1.848405401584420016e+00 nan nan nan nan nan nan nan nan
2.818382931264771875e+13 2.203890306228169782e-01 1.512360973255858498e+00 -1.836496373149914874e+00 nan nan nan nan nan nan nan nan
3.162277660168741406e+13 2.154987274630327521e-01 1.534800274499700912e+00 -1.824475627129873878e+00 nan nan nan nan nan nan nan nan
3.548133892336166406e+13 2.106681706876050164e-01 1.557471034188977033e+00 -1.812420619529421462e+00 nan nan nan nan nan nan nan nan
3.981071705535441406e+13 2.058974663646420122e-01 1.580376970198254849e+00 -1.800188392654319625e+00 nan nan nan nan nan nan nan nan
4.466835921510164844e+13 2.011869742880234291e-01 1.603520582971452724e+00 -1.787619863136048703e+00 nan nan nan nan nan nan nan nan
5.011872336273329688e+13 1.965369901938915365e-01 1.626904620127202605e+00 -1.774911308148685807e+00 nan nan nan nan nan nan nan nan
5.623413251904180469e+13 1.919476252658170456e-01 1.650532729240840712e+00 -1.762141088260767763e+00 nan nan nan nan nan nan nan nan
6.309573444802717188e+13 1.874189131082774629e-01 1.674408990533466923e+00 -1.749279360065615130e+00 nan nan nan nan nan nan nan nan
7.079457843842270312e+13 1.829511045615783704e-01 1.698536350029935749e+00 -1.736058377016715948e+00 nan nan nan nan nan nan nan nan
7.943282347243828125e+13 1.785445221168023844e-01 1.722917285239801144e+00 -1.722620211402029478e+00 nan nan nan nan nan nan nan nan
8.912509381338607812e+13 1.741992672260784247e-01 1.747555421081890881e+00 -1.709099299495762114e+00 nan nan nan nan nan nan nan nan
1.000000000000130938e+14 1.699153306065450675e-01 1.772455021258209085e+00 -1.695566956365232025e+00 nan nan nan nan nan nan nan nan
1.122018454302112188e+14 1.656928253800188933e-01 1.797619654340277595e+00 -1.681700427478896254e+00 nan nan nan nan nan nan nan nan
1.258925411794336094e+14 1.615320631607796986e-01 1.823051622521313808e+00 -1.667511783764589417e+00 nan nan nan nan nan nan nan nan
1.412537544622946250e+14 1.574331508720824002e-01 1.848754349723551238e+00 -1.653223400205274585e+00 nan nan nan nan nan nan nan nan
1.584893192461331250e+14 1.533960527000988727e-01 1.874732122452423821e+00 -1.638958589826339241e+00 nan nan nan nan nan nan nan nan
1.778279410039170000e+14 1.494207404194503319e-01 1.900989191156635227e+00 -1.624450613696194701e+00 nan nan nan nan nan nan nan nan
1.995262314969160312e+14 1.455074585924604758e-01 1.927527931880579137e+00 -1.609509929309413279e+00 nan nan nan nan nan nan nan nan
2.238721138568658125e+14 1.416563343874125136e-01 1.954351335121535804e+00 -1.594445377194554148e+00 nan nan nan nan nan nan nan nan
2.511886431509941875e+14 1.378672993644301514e-01 1.981463655266145540e+00 -1.579380900543443378e+00 nan nan nan nan nan nan nan nan
2.818382931264864375e+14 1.341402047600736558e-01 2.008869721846274548e+00 -1.564212754033217134e+00 nan nan nan nan nan nan nan nan
3.162277660168845000e+14 1.304751663149827379e-01 2.036572366764967335e+00 -1.548550389255370252e+00 nan nan nan nan nan nan nan nan
3.548133892336283125e+14 1.268723272181924433e-01 2.064573995668534057e+00 -1.532669931229382332e+00 nan nan nan nan nan nan nan nan
3.981071705535571875e+14 1.233315800198447609e-01 2.092878778168338449e+00 -1.516760497517411821e+00 nan nan nan nan nan nan nan nan
4.466835921510310625e+14 1.198526940412550090e-01 2.121491839912536204e+00 -1.500900254060625105e+00 nan nan nan nan nan nan nan nan
5.011872336273493750e+14 1.164356140763382896e-01 2.150416827626748795e+00 -1.484558858911213086e+00 nan nan nan nan nan nan nan nan
5.623413251904365000e+14 1.130804702714961057e-01 2.179655587414987217e+00 -1.467838618894322877e+00 nan nan nan nan nan nan nan nan
6.309573444802923750e+14 1.097871385986882303e-01 2.209211891569998532e+00 -1.451073882835998585e+00 nan nan nan nan nan nan nan nan
7.079457843842502500e+14 1.065553381326895671e-01 2.239090821901852824e+00 -1.434466490210483780e+00 nan nan nan nan nan nan nan nan
7.943282347244088750e+14 1.033848330952145400e-01 2.269297009531107800e+00 -1.417503952382755505e+00 nan nan nan nan nan nan nan nan
8.912509381338898750e+14 1.002756897680864567e-01 2.299831988585416376e+00 -1.399969460211239358e+00 nan nan nan nan nan nan nan nan
