# [1] m:            [M_sun/h] 
# [2] sigma 
# [3] ln(1/sigma) 
# [4] n_eff 
# [5] f(sigma) 
# [6] dn/dm:        [h^4/(Mpc^3*M_sun)] 
# [7] dn/dlnm:      [h^3/Mpc^3] 
# [8] dn/dlog10m:   [h^3/Mpc^3] 
# [9] n(>m):        [h^3/Mpc^3] 
# [11] rho(>m):     [M_sun*h^2/Mpc^3] 
# [11] rho(<m):     [M_sun*h^2/Mpc^3] 
# [12] Lbox(N=1):   [Mpc/h]
1.000000000000000000e+10 2.830905906930060834e+00 -1.040596768887217527e+00 -2.366626478989699578e+00 nan nan nan nan nan nan nan nan
1.122018454301965332e+10 2.796588739842502225e+00 -1.028400367242518376e+00 -2.362084558369764054e+00 nan nan nan nan nan nan nan nan
1.258925411794171333e+10 2.762445419180394879e+00 -1.016116308885931074e+00 -2.357490689271687589e+00 nan nan nan nan nan nan nan nan
1.412537544622761154e+10 2.728474740228987727e+00 -1.003742749851246119e+00 -2.352822044009573510e+00 nan nan nan nan nan nan nan nan
1.584893192461123848e+10 2.694676631438062575e+00 -9.912782088271137049e-01 -2.348017586563213577e+00 nan nan nan nan nan nan nan nan
1.778279410038937378e+10 2.661051242299379727e+00 -9.787212485930737449e-01 -2.343127634558074490e+00 nan nan nan nan nan nan nan nan
1.995262314968899155e+10 2.627598109164912099e+00 -9.660701624305452206e-01 -2.338180510358795594e+00 nan nan nan nan nan nan nan nan
2.238721138568365097e+10 2.594316612378807285e+00 -9.533231341048200580e-01 -2.333184098368056070e+00 nan nan nan nan nan nan nan nan
2.511886431509613037e+10 2.561206963288912064e+00 -9.404786174191266390e-01 -2.328061430652279995e+00 nan nan nan nan nan nan nan nan
2.818382931264495468e+10 2.528270093688444575e+00 -9.275353114353037665e-01 -2.322834617808168023e+00 nan nan nan nan nan nan nan nan
3.162277660168431091e+10 2.495506312921254910e+00 -9.144916396463287356e-01 -2.317549636563312809e+00 nan nan nan nan nan nan nan nan
3.548133892335818481e+10 2.462915669158785015e+00 -9.013458794774374949e-01 -2.312230942455617999e+00 nan nan nan nan nan nan nan nan
3.981071705535050964e+10 2.430498599692260786e+00 -8.880964213634254811e-01 -2.306808876054347479e+00 nan nan nan nan nan nan nan nan
4.466835921509725952e+10 2.398256579794009191e+00 -8.747420482935215347e-01 -2.301264190123321285e+00 nan nan nan nan nan nan nan nan
5.011872336272837830e+10 2.366190656414341120e+00 -8.612813440570573631e-01 -2.295659882989613543e+00 nan nan nan nan nan nan nan nan
5.623413251903628540e+10 2.334301446860895801e+00 -8.477126801351207996e-01 -2.290021454078070562e+00 nan nan nan nan nan nan nan nan
6.309573444802097321e+10 2.302589560842228433e+00 -8.340343856078851204e-01 -2.284309959324306583e+00 nan nan nan nan nan nan nan nan
7.079457843841575623e+10 2.271056657585587057e+00 -8.202452111105829058e-01 -2.278464227753304261e+00 nan nan nan nan nan nan nan nan
7.943282347243049622e+10 2.239704355907751410e+00 -8.063438731865441023e-01 -2.272547419090566123e+00 nan nan nan nan nan nan nan nan
8.912509381337731934e+10 2.208533616513872033e+00 -7.923287733621321438e-01 -2.266586265575464942e+00 nan nan nan nan nan nan nan nan
1.000000000000032654e+11 2.177545156741295340e+00 -7.781981674129819782e-01 -2.260578313503839532e+00 nan nan nan nan nan nan nan nan
1.122018454302001953e+11 2.146740469266477103e+00 -7.639506309502500647e-01 -2.254435629034087007e+00 nan nan nan nan nan nan nan nan
1.258925411794212494e+11 2.116121458566257552e+00 -7.495849124273030739e-01 -2.248193319057927297e+00 nan nan nan nan nan nan nan nan
1.412537544622807312e+11 2.085689264929255771e+00 -7.350993833202265071e-01 -2.241895832304716674e+00 nan nan nan nan nan nan nan nan
1.584893192461175842e+11 2.055444661652253924e+00 -7.204922049074032886e-01 -2.235565336294677685e+00 nan nan nan nan nan nan nan nan
1.778279410038995667e+11 2.025388789208386164e+00 -7.057616768006923502e-01 -2.229110621185282248e+00 nan nan nan nan nan nan nan nan
1.995262314968964539e+11 1.995523590259919322e+00 -6.909064671656250933e-01 -2.222522852696533491e+00 nan nan nan nan nan nan nan nan
2.238721138568438416e+11 1.965850389118714459e+00 -6.759249197035083201e-01 -2.215868059531267420e+00 nan nan nan nan nan nan nan nan
2.511886431509695129e+11 1.936370045466850653e+00 -6.608151097770409432e-01 -2.209176206882378146e+00 nan nan nan nan nan nan nan nan
2.818382931264587402e+11 1.907083426321380282e+00 -6.455750730769032053e-01 -2.202385109213563119e+00 nan nan nan nan nan nan nan nan
3.162277660168534546e+11 1.877992380062861288e+00 -6.302033233033248472e-01 -2.195434228533031273e+00 nan nan nan nan nan nan nan nan
3.548133892335934448e+11 1.849098529815044856e+00 -6.146982391491205844e-01 -2.188402255694329668e+00 nan nan nan nan nan nan nan nan
3.981071705535180664e+11 1.820402883512209247e+00 -5.990578411583313834e-01 -2.181317620413870007e+00 nan nan nan nan nan nan nan nan
4.466835921509872437e+11 1.791906237095095999e+00 -5.832799901342287097e-01 -2.174164517662721341e+00 nan nan nan nan nan nan nan nan
5.011872336273001709e+11 1.763610236177731494e+00 -5.673629786227757377e-01 -2.166843453835149091e+00 nan nan nan nan nan nan nan nan
5.623413251903812256e+11 1.735516785030016829e+00 -5.513052278546208829e-01 -2.159410016065619775e+00 nan nan nan nan nan nan nan nan
6.309573444802304688e+11 1.707627040937317098e+00 -5.351047114153817397e-01 -2.151910507276500795e+00 3.085350069123320438e-01 9.364210757062111424e-15 5.908417552429118084e-03 1.360463417940765453e-02 6.237351021386589901e-03 2.188622862981441879e+10 6.359609137018557739e+10 5.432502540764965637e+00
7.079457843841807861e+11 1.679941827302381174e+00 -5.187591662099273471e-01 -2.144365808024451425e+00 3.086510859624150283e-01 7.507251933818841236e-15 5.314727358857037828e-03 1.223761198983183175e-02 5.591294867155585310e-03 2.145504088797453690e+10 6.402727911202546692e+10 5.634160327810651125e+00
7.943282347243309326e+11 1.652462460494527052e+00 -5.022665756896237399e-01 -2.136660322737715223e+00 3.087190948351049014e-01 6.018250254968263610e-15 4.780466101158195244e-03 1.100742998209022772e-02 5.010168817857518428e-03 2.101986393183312225e+10 6.446245606816687775e+10 5.844076336012036244e+00
8.912509381338023682e+11 1.625190950327714656e+00 -4.856253167721673036e-01 -2.128802328635515551e+00 3.087334069643360435e-01 4.824200857201222108e-15 4.299573539726482367e-03 9.900133938805842290e-03 4.487479719835102930e-03 2.058068852965470123e+10 6.490163147034529877e+10 6.062696581050886380e+00
1.000000000000065430e+12 1.598128626834068422e+00 -4.688333364915207579e-01 -2.120865535879139507e+00 3.086879274332153811e-01 3.866339627136517445e-15 3.866339627136770353e-03 8.902575989897285047e-03 4.017411971617512387e-03 2.013753653839196777e+10 6.534478346160803223e+10 6.290490973976636369e+00
1.122018454302038818e+12 1.571276394548314581e+00 -4.518882792208872012e-01 -2.112887432335333493e+00 3.085760583603294749e-01 3.097890117325930657e-15 3.475889881039602187e-03 8.003532224970634837e-03 3.594759266245803071e-03 1.969046936724405670e+10 6.579185063275594330e+10 6.527948647816169014e+00
1.258925411794253662e+12 1.544635264639122374e+00 -4.347878078124634560e-01 -2.104775670440982349e+00 3.083906680603860639e-01 2.481750707544793117e-15 3.124339031466508935e-03 7.194056479314238361e-03 3.214819548638671223e-03 1.923954708295129776e+10 6.624277291704870605e+10 6.775600631549558273e+00
1.412537544622853760e+12 1.518207200402730717e+00 -4.175301653127268531e-01 -2.096473625267849528e+00 3.081240723978719287e-01 1.987886176877307460e-15 2.807963859275983826e-03 6.465575724034911334e-03 2.873328743554933416e-03 1.878480585861395645e+10 6.669751414138604736e+10 7.034040980651727892e+00
1.584893192461227539e+12 1.491993789575407847e+00 -4.001133392899353103e-01 -2.088078944657067559e+00 3.077680022218546307e-01 1.591863257741281786e-15 2.522933240523309809e-03 5.809268470248134947e-03 2.566457638697849236e-03 1.832630739587701035e+10 6.715601260412298584e+10 7.303908096044019693e+00
1.778279410039053711e+12 1.465996040864107508e+00 -3.825349028224142578e-01 -2.079627027751534740e+00 3.073135669711110629e-01 1.274296939929422170e-15 2.266056010552264157e-03 5.217786789787202083e-03 2.290781257196958590e-03 1.786416357422879028e+10 6.761815642577120972e+10 7.585871113563655399e+00
1.995262314969029785e+12 1.440214780153963758e+00 -3.647922553504207577e-01 -2.071079542066212476e+00 3.067512268651386154e-01 1.019741011812341365e-15 2.034650811897552921e-03 4.684956628923537918e-03 2.043212671729183541e-03 1.739850356864858246e+10 6.808381643135141754e+10 7.880651858439085444e+00
2.238721138568511719e+12 1.414651741258017958e+00 -3.468833815506032203e-01 -2.062321854699925794e+00 3.060707958714946608e-01 8.158320015582092578e-16 1.826420347409022163e-03 4.205488265485020534e-03 1.820951549368963855e-03 1.692943774647610474e+10 6.855288225352389526e+10 8.189056543420351275e+00
2.511886431509777344e+12 1.389308752289318161e+00 -3.288063229364084905e-01 -2.053438227143082884e+00 3.052614167690763658e-01 6.524480342445765818e-16 1.638875364484178440e-03 3.773649983536452816e-03 1.621473093143421590e-03 1.645709035475470543e+10 6.902522964524530029e+10 8.511970004794251921e+00
2.818382931264679688e+12 1.364186902341020025e+00 -3.105585752108792619e-01 -2.044479111325679277e+00 3.043115172489849751e-01 5.215351993428872148e-16 1.469885903881715554e-03 3.384537370680117205e-03 1.442518409288002634e-03 1.598164279108807755e+10 6.950067720891192627e+10 8.850331646784919570e+00
3.162277660168638184e+12 1.339286963448194090e+00 -2.921373555087111162e-01 -2.035459750593500594e+00 3.032087989772820347e-01 4.166651767315099532e-16 1.317610980148271448e-03 3.033911401254683372e-03 1.282057189989628272e-03 1.550331797601629257e+10 6.997900202398370361e+10 9.205149942838440680e+00
3.548133892336050781e+12 1.314610327148455271e+00 -2.735402925508925720e-01 -2.026232451287068859e+00 3.019402741645004218e-01 3.327372266753301496e-16 1.180596231208641978e-03 2.718423282825971170e-03 1.138248822887608005e-03 1.502233297525055885e+10 7.045998702474943542e+10 9.577546371539165548e+00
3.981071705535311035e+12 1.290158958766698838e+00 -2.547654346322998919e-01 -2.016829734994475487e+00 3.004922909838330658e-01 2.655749572061923443e-16 1.057272947832323421e-03 2.434460928904579394e-03 1.009426717594340836e-03 1.453890564260545921e+10 7.094341435739454651e+10 9.968773644790907440e+00
4.466835921510018555e+12 1.265934077373262134e+00 -2.358102507811113968e-01 -2.007337076339887449e+00 2.988504815798547765e-01 2.118267539966763864e-16 9.461953538892199471e-04 2.178695316925543558e-03 8.940978114485847051e-04 1.405331469195639801e+10 7.142900530804360962e+10 1.038018250547380639e+01
5.011872336273166016e+12 1.241936487585584947e+00 -2.166718449940614466e-01 -1.997800857747413561e+00 2.969997881286426389e-01 1.688244005310045819e-16 8.461263427092427080e-04 1.948277903511873603e-03 7.909234809376464951e-04 1.356590482616508293e+10 7.191641517383491516e+10 1.081322343531494568e+01
5.623413251903997070e+12 1.218167208316758954e+00 -1.973474409137666863e-01 -1.988084670284960165e+00 2.949245434935536814e-01 1.344559857705227269e-16 7.561015721797727631e-04 1.740988208890506409e-03 6.986918281275845011e-04 1.307703441883339691e+10 7.240528558116659546e+10 1.126950339517392941e+01
6.309573444802510742e+12 1.194628172850788594e+00 -1.778349845393957240e-01 -1.978140347352795425e+00 2.926086145561971330e-01 1.070048369576079290e-16 6.751548777331452473e-04 1.554601556930557951e-03 6.163020839820556804e-04 1.258705519717985535e+10 7.289526480282014465e+10 1.175083661721161299e+01
7.079457843842039062e+12 1.171320794552138222e+00 -1.581319963315929444e-01 -1.968091133405163395e+00 2.900353717252484032e-01 8.507801730942464649e-17 6.023062369797350327e-04 1.386861362686877142e-03 5.427655109916179003e-04 1.209637771584852409e+10 7.338594228415147400e+10 1.225921284978085879e+01
7.943282347243568359e+12 1.148245933207389990e+00 -1.382355024865032367e-01 -1.957987405193825525e+00 2.871877613598559642e-01 6.757156019400176112e-17 5.367399812647203564e-04 1.235889479674048526e-03 4.771967399325929967e-04 1.160549657486266136e+10 7.387682342513734436e+10 1.279678413373185464e+01
8.912509381338316406e+12 1.125404317761876660e+00 -1.181423646560976759e-01 -1.947753096906689407e+00 2.840484600073152066e-01 5.360868389855605492e-17 4.777878981670812073e-04 1.100147291932478512e-03 4.187958206424282704e-04 1.111494427118162155e+10 7.436737572881837463e+10 1.336593117024438726e+01
1.000000000000098242e+13 1.102797653441245362e+00 -9.785027234627573234e-02 -1.937254093783672859e+00 2.806001987258832653e-01 4.248566937051464599e-17 4.248566937051882222e-04 9.782686895843037411e-04 3.668354211045073100e-04 1.062525027228045464e+10 7.485706972771954346e+10 1.396935150223177224e+01
1.122018454302075391e+13 1.080427571016447041e+00 -7.735686187806439795e-02 -1.926618100836566150e+00 2.768258466079079883e-01 3.362683200334752224e-17 3.772992606747154767e-04 8.687636532272745076e-04 3.206596125342166476e-04 1.013699088704736900e+10 7.534532911295263672e+10 1.461005706314262120e+01
1.258925411794294922e+13 1.058294957958865856e+00 -5.665908282278129399e-02 -1.915904314981551559e+00 2.727085083839351221e-01 2.657610639921999545e-17 3.345733569252702742e-04 7.703836241691035822e-04 2.796809305993060895e-04 9.650834793886215210e+09 7.583148520611378479e+10 1.529134597834985065e+01
1.412537544622899805e+13 1.036400384648480388e+00 -3.575354084476905364e-02 -1.905113749448799521e+00 2.682318180310908629e-01 2.097028559818054992e-17 2.962131572889490955e-04 6.820560003222347553e-04 2.433699399870216580e-04 9.167513486564413071e+09 7.631480651343559265e+10 1.601687138904288688e+01
1.584893192461279492e+13 1.014745170058604984e+00 -1.463751699024309384e-02 -1.894052208304947360e+00 2.633804626234552138e-01 1.652126251597373910e-17 2.618443649243249252e-04 6.029189313592435559e-04 2.112455666949838409e-04 8.687765532087455750e+09 7.679455446791253662e+10 1.679077719763832022e+01
1.778279410039111719e+13 9.933310746144081715e-01 6.691262031494415487e-03 -1.882791342795341993e+00 2.581405296682252049e-01 1.299318252263084897e-17 2.310550895087448470e-04 5.320240047632408820e-04 1.828719932919209683e-04 8.212353171278864861e+09 7.726996682872113037e+10 1.761776991057248765e+01
1.995262314969094922e+13 9.721590379306854768e-01 2.823586863561832264e-02 -1.871435453428292650e+00 2.524996052733614604e-01 1.019793305191573845e-17 2.034755150906524489e-04 4.685196878370213674e-04 1.578584009769137602e-04 7.742126418709023476e+09 7.774019358129096985e+10 1.850308313916934821e+01
2.238721138568585156e+13 9.512295766303278111e-01 4.999984007054691926e-02 -1.860042164677954801e+00 2.464472470679369698e-01 7.986156366497736738e-18 1.787877707359256780e-04 4.116740557061795806e-04 1.358535573883331497e-04 7.278015646791016579e+09 7.820430435320898438e+10 1.945254050506856558e+01
2.511886431509859375e+13 9.305435491228545297e-01 7.198640214346781196e-02 -1.848405401584420016e+00 2.399756653168520215e-01 6.240104657348540149e-18 1.567443421999527840e-04 3.609171857607688418e-04 1.165387763516589187e-04 6.820964048660783768e+09 7.866135595133921814e+10 2.047276566402074138e+01
2.818382931264771875e+13 9.101026839440353733e-01 9.419784633819869302e-02 -1.836496373149914874e+00 2.330804706759440625e-01 4.864057249384788507e-18 1.370877592836076508e-04 3.156562309583911259e-04 9.962444093367946825e-05 6.371908269837846756e+09 7.911041173016215515e+10 2.157138520785239777e+01
3.162277660168741406e+13 8.899080398710429440e-01 1.166371475820413839e-01 -1.824475627129873878e+00 2.257607650533276777e-01 3.780986757193619575e-18 1.195652995566723662e-04 2.753092763985613765e-04 8.485030324975526537e-05 5.931847142869611740e+09 7.955047285713038635e+10 2.275702746929360742e+01
3.548133892336166406e+13 8.699601201681570473e-01 1.393079072713173105e-01 -1.812420619529421462e+00 2.180196885780837646e-01 2.930106551649367591e-18 1.039641036406337366e-04 2.393861952494112449e-04 7.198291645855561306e-05 5.501852481091042519e+09 7.998046751890895081e+10 2.403939427583368271e+01
3.981071705535441406e+13 8.502593628466057485e-01 1.622138432805952935e-01 -1.800188392654319625e+00 2.098651534569483668e-01 2.263489282108978253e-18 9.011113136786781511e-05 2.074885478004805984e-04 6.081104788230801340e-05 5.083002216192789078e+09 8.039931778380720520e+10 2.542957904040519068e+01
4.466835921510164844e+13 8.308072536853077228e-01 1.853574560537931126e-01 -1.787619863136048703e+00 2.013109332295093257e-01 1.742734483446823650e-18 7.784508992314733572e-05 1.792449436198200656e-04 5.114271059680023930e-05 4.676331081247476578e+09 8.080598891875251770e+10 2.694048558083237666e+01
5.011872336273329688e+13 8.116050139349579862e-01 2.087414932095429387e-01 -1.774911308148685807e+00 1.923767415886359078e-01 1.336734465420471627e-18 6.699542488183979903e-05 1.542626666317267162e-04 4.280502034051134681e-05 4.282880445167120934e+09 8.119943955483288574e+10 2.858699006580363644e+01
5.623413251904180469e+13 7.926531027312304634e-01 2.323696023231811569e-01 -1.762141088260767763e+00 1.830884704582470268e-01 1.021073944813951052e-18 5.741920752440849910e-05 1.322126112972345528e-04 3.564313839228712264e-05 3.903722709704853058e+09 8.157859729029515076e+10 3.038608075625886329e+01
6.309573444802717188e+13 7.739516588447575840e-01 2.562458636158071457e-01 -1.749279360065615130e+00 1.734787755600213366e-01 7.764825765457663601e-19 4.899273845325160588e-05 1.128099492274133161e-04 2.951757437917076397e-05 3.539905507106704712e+09 8.194241449289329529e+10 3.235736226878177746e+01
7.079457843842270312e+13 7.555017181276175720e-01 2.803732231122759710e-01 -1.736058377016715948e+00 1.635880476187799859e-01 5.877648834491884904e-19 4.161056714469394996e-05 9.581187161840010375e-05 2.430202885802528888e-05 3.192385815602465153e+09 8.228993418439753723e+10 3.452384482568270840e+01
7.943282347243828125e+13 7.373046123157818155e-01 3.047541583221415329e-01 -1.722620211402029478e+00 1.534643590273527536e-01 4.426420006331178510e-19 3.516030389777736738e-05 8.095959162016261800e-05 1.988274227706110259e-05 2.862040565347806931e+09 8.262027943465219116e+10 3.691259453963732540e+01
8.912509381338607812e+13 7.193607603586626986e-01 3.293922941642310476e-01 -1.709099299495762114e+00 1.431627778758882974e-01 3.314728811831745224e-19 2.954255163204380489e-05 6.802423899695098466e-05 1.615814651163316495e-05 2.549702674553985596e+09 8.293261732544601440e+10 3.955513029559294580e+01
1.000000000000130938e+14 7.016701239224234499e-01 3.542918943405495291e-01 -1.695566956365232025e+00 1.327453287389770142e-01 2.466982615913501962e-19 2.466982615913824957e-05 5.680437396078629462e-05 1.303743118768964962e-05 2.256125072597307205e+09 8.322619492740269470e+10 4.248829694004714241e+01
1.122018454302112188e+14 6.842331701467788685e-01 3.794565274226179286e-01 -1.681700427478896254e+00 1.222810590625921512e-01 1.824308798761139564e-19 2.046908138555716806e-05 4.713180166566584365e-05 1.043902679702827823e-05 1.981907259561855555e+09 8.350041274043814087e+10 4.575585368078329651e+01
1.258925411794336094e+14 6.670511858516381398e-01 4.048884956036541416e-01 -1.667511783764589417e+00 1.118454636094586008e-01 1.339697667317242048e-19 1.686579437507270505e-05 3.883492670954524361e-05 8.289858587647943618e-06 1.727474691178845644e+09 8.375484530882115173e+10 4.941031537802678031e+01
1.412537544622946250e+14 6.501246125795816511e-01 4.305912228058915159e-01 -1.653223400205274585e+00 1.015183375899435386e-01 9.762591320925782271e-20 1.379002677361778912e-05 3.175271008092110198e-05 6.525167667886238222e-06 1.493119263097225189e+09 8.398920073690277100e+10 5.351424978826440793e+01
1.584893192461331250e+14 6.334533024364017439e-01 4.565689955347642659e-01 -1.638958589826339241e+00 9.138242704481273904e-02 7.054383690845893648e-20 1.118044468863189678e-05 2.574392527308826147e-05 5.087751784035966104e-06 1.278986095483771086e+09 8.420333390451623535e+10 5.814218673125876791e+01
1.778279410039170000e+14 6.170371388646047617e-01 4.828260642389756163e-01 -1.624450613696194701e+00 8.152199623944317297e-02 5.052147753292166432e-20 8.984130326155111411e-06 2.068672456252049457e-05 3.926985538145716456e-06 1.085015724825684547e+09 8.439730427517431641e+10 6.338408607677067153e+01
1.995262314969160312e+14 6.008771317911666410e-01 5.093648049629195818e-01 -1.609509929309413279e+00 7.202133900567442293e-02 3.583885560550276055e-20 7.150791800128090977e-06 1.646530660207900081e-05 2.998184759030704761e-06 9.109172695301227570e+08 8.457140273046987915e+10 6.935011772107110062e+01
2.238721138568658125e+14 5.849738063610800953e-01 5.361882082038761377e-01 -1.594445377194554148e+00 6.296136827034271022e-02 2.515630985850935007e-20 5.631796264862801331e-06 1.296769012625263300e-05 2.262359840822394180e-06 7.562081501011412144e+08 8.472611184989886475e+10 7.617505427429293263e+01
2.511886431509941875e+14 5.693268799499560107e-01 5.633005283484857628e-01 -1.579380900543443378e+00 5.441686635415423495e-02 1.745565815274397440e-20 4.384663086695348676e-06 1.009605986122596951e-05 1.685766091135413829e-06 6.202301556481988430e+08 8.486208984435180664e+10 8.402352462238087583e+01
2.818382931264864375e+14 5.539357382349970882e-01 5.907065949286147699e-01 -1.564212754033217134e+00 4.645416212082631446e-02 1.196299090384678857e-20 3.371628937027862174e-06 7.763462529507715994e-06 1.239278031367059790e-06 5.021287405036843419e+08 8.498019125949632263e+10 9.309872850567622038e+01
3.162277660168845000e+14 5.388008591704217531e-01 6.184092398473075569e-01 -1.548550389255370252e+00 3.912927511757657156e-02 8.091495852271039830e-21 2.558755657098557729e-06 5.891752632649323789e-06 8.978976523131247534e-07 4.008493204783145785e+08 8.508147067952168274e+10 1.036551906255085953e+02
3.548133892336283125e+14 5.239228340593667932e-01 6.464108687508745010e-01 -1.532669931229382332e+00 3.248495092186977351e-02 5.394299832989196438e-21 1.913969806285291883e-06 4.407078344393214633e-06 6.404268778870544319e-07 3.151786660548353791e+08 8.516714133394515991e+10 1.160139329362018543e+02
3.981071705535571875e+14 5.093012191846293391e-01 6.747156512506787829e-01 -1.516760497517411821e+00 2.654823974727518743e-02 3.539745712106666400e-21 1.409198149925871334e-06 3.244798653094099778e-06 4.491299529498664894e-07 2.437919656850442588e+08 8.523852803431495667e+10 1.305797983106179458e+02
4.466835921510310625e+14 4.949350619521104555e-01 7.033287129948764260e-01 -1.500900254060625105e+00 2.132955233223612565e-02 2.283165120270132030e-21 1.019852397396203449e-06 2.348296927298737933e-06 3.093025634400418515e-07 1.852738827419848442e+08 8.529704611725801086e+10 1.478673058951278563e+02
5.011872336273493750e+14 4.808241343867340478e-01 7.322537007090890171e-01 -1.484558858911213086e+00 1.682257113109192695e-02 1.445960724279256153e-21 7.246970553353188852e-07 1.668676636551786442e-06 2.088782243437760687e-07 1.381422543866083622e+08 8.534417774561338806e+10 1.685397237296105857e+02
5.623413251904365000e+14 4.669689739317157140e-01 7.614924604973275502e-01 -1.467838618894322877e+00 1.300440615376627189e-02 8.976769763543487079e-22 5.048008604760485736e-07 1.162346936262716670e-06 1.381026350234115956e-07 1.008933757925823778e+08 8.538142662420741272e+10 1.934636356572596014e+02
6.309573444802923750e+14 4.533690684097843038e-01 7.910487646523391980e-01 -1.451073882835998585e+00 9.836285264419422289e-03 5.452389440834256942e-22 3.440225162661168946e-07 7.921411176086623911e-07 8.924043367662580619e-08 7.205730148035579920e+07 8.541026269851963806e+10 2.237756235466630415e+02
7.079457843842502500e+14 4.400232577323428540e-01 8.209276949841932680e-01 -1.434466490210483780e+00 7.265996807652662023e-03 3.233572634534705999e-22 2.289194115119119009e-07 5.271064244442979089e-07 5.625924512530092518e-08 5.023305080217500031e+07 8.543208694919783020e+10 2.609768790007474877e+02
7.943282347244088750e+14 4.269305682463473417e-01 8.511338826134482449e-01 -1.417503952382755505e+00 5.231059570462536293e-03 1.869206789397846292e-22 1.484763729357271287e-07 3.418794829836298893e-07 3.453459743960215054e-08 3.411486836932265759e+07 8.544820513163067627e+10 3.070778802531275460e+02
8.912509381338898750e+14 4.140912736644462577e-01 8.816688616677565982e-01 -1.399969460211239358e+00 3.662301619227294192e-03 1.051011410802016365e-22 9.367149058667202230e-08 2.156865778634030949e-07 2.059544591842595271e-08 2.251998359255918115e+07 8.545980001640744019e+10 3.648180073264539942e+02
