# [1] m:            [M_sun/h] 
# [2] sigma 
# [3] ln(1/sigma) 
# [4] n_eff 
# [5] f(sigma) 
# [6] dn/dm:        [h^4/(Mpc^3*M_sun)] 
# [7] dn/dlnm:      [h^3/Mpc^3] 
# [8] dn/dlog10m:   [h^3/Mpc^3] 
# [9] n(>m):        [h^3/Mpc^3] 
# [11] rho(>m):     [M_sun*h^2/Mpc^3] 
# [11] rho(<m):     [M_sun*h^2/Mpc^3] 
# [12] Lbox(N=1):   [Mpc/h]
1.000000000000000000e+10 2.861519077831288005e+00 -1.051352629918458570e+00 -2.363232123275981422e+00 3.952005215955515238e-01 3.687721895193273179e-11 3.687721895193273314e-01 8.491293462979782047e-01 4.220747316385721759e-01 4.886174342852015686e+10 3.906292857147982788e+10 1.333122982851511429e+00
1.122018454301965332e+10 2.826648635695188538e+00 -1.039091782233937611e+00 -2.358753555667830959e+00 3.983556176350550593e-01 2.973414277608425440e-11 3.336225691761600110e-01 7.681943544714009420e-01 3.816416391193378499e-01 4.843397903139379120e+10 3.949069296860619354e+10 1.378631135464408297e+00
1.258925411794171333e+10 2.791959822767800414e+00 -1.026743794670441190e+00 -2.354210959532554881e+00 4.015151817721523964e-01 2.397464295125089964e-11 3.018228725002176649e-01 6.949728469436436962e-01 3.450624590839618810e-01 4.799976722646084595e+10 3.992490477353913879e+10 1.425719519858186235e+00
1.412537544622761154e+10 2.757451880306556635e+00 -1.014307021515129303e+00 -2.349530018569391032e+00 4.046772999242309043e-01 1.933283788603037292e-11 2.730835935812323534e-01 6.287982117213901656e-01 3.119681826173361650e-01 4.755898721156774902e+10 4.036568478843223572e+10 1.474449488104715433e+00
1.584893192461123848e+10 2.723124620624618686e+00 -1.001779978573376528e+00 -2.344744330130061449e+00 4.078398556046944345e-01 1.559049694178336185e-11 2.470927247011842076e-01 5.689520244842284358e-01 2.820244267121958526e-01 4.711150489344521332e+10 4.081316710655477142e+10 1.524887338214172328e+00
1.778279410038937378e+10 2.688977166640736716e+00 -9.891608858563790685e-01 -2.339892691999961194e+00 4.110006357502513641e-01 1.257235226340277750e-11 2.235715516576559092e-01 5.147925220644667954e-01 2.549308130484785884e-01 4.665721161022739410e+10 4.126746038977259064e+10 1.577099968185900813e+00
1.995262314968899155e+10 2.655008411993807993e+00 -9.764478230481327126e-01 -2.334995148383364416e+00 4.141572788503654068e-01 1.013793771673505630e-11 2.022784507770330475e-01 4.657633453931261935e-01 2.304169163620388705e-01 4.619602036193089294e+10 4.172865163806909180e+10 1.631154930735776665e+00
2.238721138568365097e+10 2.621217845831318005e+00 -9.636390364277372944e-01 -2.329975383345800122e+00 4.173071869457081196e-01 8.175345766887122695e-12 1.830231938343560294e-01 4.214264777951479690e-01 2.082371707823321150e-01 4.572782625819360352e+10 4.219684574180638123e+10 1.687124951735672118e+00
2.511886431509613037e+10 2.587605986619486043e+00 -9.507331187649699089e-01 -2.324830663930961272e+00 4.204474723468192288e-01 6.593013458418295821e-12 1.656090104896118520e-01 3.813288388188748046e-01 1.881682878669816150e-01 4.525249848310239410e+10 4.267217351689759064e+10 1.745090103287759931e+00
2.818382931264495468e+10 2.554172823779299328e+00 -9.377284232063746172e-01 -2.319618222777802607e+00 4.235750906118877501e-01 5.316705346226927528e-12 1.498451159836866331e-01 3.450311303220006676e-01 1.700092886384597934e-01 4.476992733694567871e+10 4.315474466305430603e+10 1.805132629666354349e+00
3.162277660168431091e+10 2.520918009113894964e+00 -9.246231245169944657e-01 -2.314365139320091025e+00 4.266868103850103844e-01 4.287080274915349800e-12 1.355693818071354584e-01 3.121600376155282963e-01 1.535795094400216332e-01 4.428003569649484253e+10 4.364463630350514221e+10 1.867335016885216969e+00
3.548133892335818481e+10 2.487841370546242104e+00 -9.114154150252823383e-01 -2.309019645715874258e+00 4.297791518091336194e-01 3.456770529506070347e-12 1.226508467376812156e-01 2.824140113412821895e-01 1.387151582161014196e-01 4.378274083682998657e+10 4.414193116316999817e+10 1.931784569845396815e+00
3.981071705535050964e+10 2.454943939091443816e+00 -8.981039255851183123e-01 -2.303535584573079831e+00 4.328482765976169877e-01 2.787366852142395228e-12 1.109670730801039090e-01 2.555111282874281686e-01 1.252670297253837273e-01 4.327792812468375397e+10 4.464674387531623077e+10 1.998577866328204777e+00
4.466835921509725952e+10 2.422226601525184542e+00 -8.846872004263024447e-01 -2.297980773657192000e+00 4.358901002785968704e-01 2.247426609186326896e-12 1.003888590887028476e-01 2.311538904403270256e-01 1.131004042571899099e-01 4.276549446856125641e+10 4.515917753143872833e+10 2.067816267461031643e+00
5.011872336272837830e+10 2.389689710151959190e+00 -8.711635291266829340e-01 -2.292379888380561059e+00 4.389003136249480796e-01 1.811863871974844325e-12 9.080830417042913549e-02 2.090938475028991661e-01 1.020942108086092953e-01 4.224537492576120758e+10 4.567929707423877716e+10 2.139601832627491262e+00
5.623413251903628540e+10 2.357333510869107140e+00 -8.575311119793509462e-01 -2.286719855304231164e+00 4.418743266903766842e-01 1.460556664580593784e-12 8.213313702758674728e-02 1.891185369605585531e-01 9.213890119702289327e-02 4.171751408653389740e+10 4.620715791346608734e+10 2.214040990411954013e+00
6.309573444802097321e+10 2.325159279452737149e+00 -8.437885439843021418e-01 -2.280922205017901216e+00 4.448071488707470711e-01 1.177354215264955034e-12 7.428602891761572347e-02 1.710499028034265789e-01 8.313469020292330036e-02 4.118182818368662262e+10 4.674284381631336212e+10 2.291250498282191739e+00
7.079457843841575623e+10 2.293168632744139845e+00 -8.299345435807889970e-01 -2.275035872959254579e+00 4.476934386482851469e-01 9.489793301726193444e-13 6.718259162634074300e-02 1.546936339875188138e-01 7.499110178314970232e-02 4.063822843743917847e+10 4.728644356256080627e+10 2.371355988212733301e+00
7.943282347243049622e+10 2.261362473290661868e+00 -8.159674959224262336e-01 -2.269098653195122495e+00 4.505275829891228767e-01 7.647855151190577369e-13 6.074907281672393966e-02 1.398799094809983490e-01 6.762676319643680378e-02 4.008666526837926483e+10 4.783800673162071991e+10 2.454485473872128232e+00
8.912509381337731934e+10 2.229741429547965836e+00 -8.018856278738534238e-01 -2.263127372006268345e+00 4.533036381871244358e-01 6.162275854450331558e-13 5.492134136317956827e-02 1.264610619100945688e-01 6.096823891165951276e-02 3.952711751428876495e+10 4.839755448571121979e+10 2.540770567351612108e+00
1.000000000000032654e+11 2.198306736018942331e+00 -7.876873985738183093e-01 -2.257030031643781243e+00 4.560152348294115310e-01 4.964895568988513819e-13 4.964895568988676039e-02 1.143209452542551657e-01 5.494868873255079333e-02 3.895954380099121094e+10 4.896512819900877380e+10 2.630354129466345725e+00
1.122018454302001953e+11 2.167060384309047016e+00 -7.733715875601040457e-01 -2.250816737624231401e+00 4.586555522056386947e-01 3.999762716514655434e-13 4.487807580758550186e-02 1.033355883568031069e-01 4.950727539227435525e-02 3.838388034504934692e+10 4.954079165495063782e+10 2.723393049402698995e+00
1.258925411794212494e+11 2.136003660383820613e+00 -7.589366347593174966e-01 -2.244545479035891411e+00 4.612174279049754966e-01 3.221614271850766783e-13 4.055772073831838409e-02 9.338760317786738707e-02 4.458919560390761649e-02 3.780009918527519989e+10 5.012457281472478485e+10 2.820049863198647699e+00
1.412537544622807312e+11 2.105137423751408221e+00 -7.443807494458825058e-01 -2.238245251517966494e+00 4.636933116139324018e-01 2.594212264689620695e-13 3.664422222595049156e-02 8.437643984183469670e-02 4.014509452841508175e-02 3.720821689541177368e+10 5.071645510458821106e+10 2.920490772382236422e+00
1.584893192461175842e+11 2.074462667799373161e+00 -7.297021648705438457e-01 -2.231841284851956431e+00 4.660751991395003513e-01 2.088653809803927447e-13 3.310293204566343989e-02 7.622231786273953036e-02 3.613012558580074030e-02 3.660824409078060913e+10 5.131642790921937561e+10 3.024894110153121041e+00
1.778279410038995667e+11 2.043981372230752491e+00 -7.148995589098880998e-01 -2.225291745778204877e+00 4.683545533244887760e-01 1.681405394729649900e-13 2.990008593376226528e-02 6.884749215032194558e-02 3.250338033547421623e-02 3.600015831473559570e+10 5.192451368526438904e+10 3.133457606836338005e+00
1.995262314968964539e+11 2.013695088440505376e+00 -6.999713868271446593e-01 -2.218672291828680976e+00 4.705224013675803341e-01 1.353234424866874419e-13 2.700057651255575314e-02 6.217112498005603755e-02 2.922791490721478314e-02 3.538396386354642487e+10 5.254070813645355988e+10 3.246390224167130079e+00
2.238721138568438416e+11 1.983604767941514524e+00 -6.849157793108939796e-01 -2.212009384915999632e+00 4.725693239409111679e-01 1.088794900900045132e-13 2.437508160210459171e-02 5.612569953751946061e-02 2.627049429427540800e-02 3.475972013173763275e+10 5.316495186826235199e+10 3.363906519335468914e+00
2.511886431509695129e+11 1.953711183126116246e+00 -6.697307346744740819e-01 -2.205270619700951507e+00 4.744854018512004723e-01 8.757933244504067396e-14 2.199893368493744880e-02 5.065441676470154586e-02 2.360099138671989394e-02 3.412750030139044189e+10 5.379717169860954285e+10 3.486234404925744546e+00
2.818382931264587402e+11 1.924016060890535229e+00 -6.544146998648766589e-01 -2.198369759230328846e+00 4.762601305404927099e-01 7.043326570813743308e-14 1.985079138650379382e-02 4.570813633069824300e-02 2.119192755933491101e-02 3.348734736783633041e+10 5.443732463216365051e+10 3.613625812333146392e+00
3.162277660168534546e+11 1.894521201835551949e+00 -6.389661426704562608e-01 -2.191372905787430270e+00 4.778824740401085291e-01 5.662769689528251289e-14 1.790725008387469841e-02 4.123296709964625884e-02 1.901839997357630818e-02 3.283931456289625931e+10 5.508535743710372925e+10 3.746352810777669351e+00
3.548133892335934448e+11 1.865227659472541877e+00 -6.233831150681876654e-01 -2.184316762248242227e+00 4.793408952697608694e-01 4.551195871872763749e-14 1.614825232365114591e-02 3.718272507834559371e-02 1.705800766912651811e-02 3.218351611844235611e+10 5.574115588155763245e+10 3.884697727725462180e+00
3.981071705535180664e+11 1.836136187750751159e+00 -6.076634657822022056e-01 -2.177210802906057729e+00 4.806233076499124568e-01 3.656393391686710774e-14 1.455636427594977737e-02 3.351726738999302735e-02 1.529050785741806195e-02 3.152010628865974426e+10 5.640456571134024048e+10 4.028957596288349485e+00
4.466835921509872437e+11 1.807248218404611251e+00 -5.918053670931694432e-01 -2.169944940868465011e+00 4.817170225225653191e-01 2.936692003946658284e-14 1.311772133363974489e-02 3.020466959688885081e-02 1.369745943274602168e-02 3.084922141864505005e+10 5.707545058135493469e+10 4.179458260571115247e+00
5.011872336273001709e+11 1.778565768862936602e+00 -5.758072916849231726e-01 -2.162546775202164540e+00 4.826087675120883658e-01 2.357845114711379950e-14 1.181721870363840708e-02 2.721015162764821999e-02 1.226208890213260037e-02 3.017098864524224091e+10 5.775368335475774384e+10 4.336558204931351135e+00
5.623413251903812256e+11 1.750090110691191247e+00 -5.596672784333021067e-01 -2.155078434427946998e+00 4.832847343658787098e-01 1.892252025367764945e-14 1.064091511539491837e-02 2.450161252052335606e-02 1.096929479842831574e-02 2.948559739836892700e+10 5.843907460163105774e+10 4.500634696237446164e+00
6.309573444802304688e+11 1.721822125130151981e+00 -5.433831051592450390e-01 -2.147572821305792523e+00 4.837305506985867254e-01 1.517820141048954671e-14 9.576797655948572977e-03 2.205139152120750429e-02 9.805469697385049699e-03 2.879330348110874557e+10 5.913136851889123535e+10 4.672082819782321650e+00
7.079457843841807861e+11 1.693762948678908087e+00 -5.269526505931284577e-01 -2.139928109134217937e+00 4.839312677742840241e-01 1.216964597124154636e-14 8.615449562788382587e-03 1.983780573271860109e-02 8.758239766036901575e-03 2.809436402170311356e+10 5.983030797829687500e+10 4.851332670972338335e+00
7.943282347243309326e+11 1.665914640400530278e+00 -5.103743061778457379e-01 -2.132112819541362114e+00 4.838713871379015652e-01 9.753325574720823184e-15 7.747341886459662222e-03 1.783891393809038800e-02 7.816321774266681358e-03 2.738901292275928879e+10 6.053565907724069214e+10 5.038862684638135470e+00
8.912509381338023682e+11 1.638278722200092963e+00 -4.936461310286113235e-01 -2.124215091034308056e+00 4.835349005632876285e-01 7.812405730893723646e-15 6.962813936740925268e-03 1.603247157603084061e-02 6.969537136413654285e-03 2.667754021399470139e+10 6.124713178600527954e+10 5.235184853595696630e+00
1.000000000000065430e+12 1.610856181661963538e+00 -4.767658274984096778e-01 -2.116270132181457431e+00 4.829052917798645206e-01 6.253757032911491365e-15 6.253757032911900181e-03 1.439980771918961643e-02 6.208730154033145592e-03 2.596032113769641495e+10 6.196435086230357361e+10 5.440837290212501287e+00
1.122018454302038818e+12 1.583647903062279205e+00 -4.597309852633347793e-01 -2.108219959276165234e+00 4.819655579710893090e-01 5.003031743953863201e-15 5.613493944175147569e-03 1.292554747547004605e-02 5.525596274166657065e-03 2.523775837473078918e+10 6.268691362526919556e+10 5.656402209995572861e+00
1.258925411794253662e+12 1.556655761861216236e+00 -4.425397777598187865e-01 -2.099972008273604640e+00 4.806983025583292934e-01 4.000259006206041540e-15 5.036027716671612892e-03 1.159588234831289769e-02 4.912560528572086117e-03 2.451023203073324203e+10 6.341443996926673889e+10 5.882528345221399668e+00
1.412537544622853760e+12 1.529881545495331618e+00 -4.251903111622834519e-01 -2.091618090416413445e+00 4.790857809474610152e-01 3.196253852768575502e-15 4.514828569181060167e-03 1.039577696081994684e-02 4.362769045843766999e-03 2.377816262515447235e+10 6.414650937484551239e+10 6.119922544511128493e+00
1.584893192461227539e+12 1.503326333056621111e+00 -4.076802083322795811e-01 -2.083197643850352776e+00 4.771099140977371755e-01 2.551841337340074843e-15 4.044395963791439126e-03 9.312565856391454358e-03 3.870060475413484441e-03 2.304206643783384705e+10 6.488260556216613770e+10 6.369334872083550536e+00
1.778279410039053711e+12 1.476990922727536626e+00 -3.900068577805516634e-01 -2.074708086814010422e+00 4.747523583015568205e-01 2.035660753731592810e-15 3.619973604185472340e-03 8.335297258029396653e-03 3.428863897552964987e-03 2.230251869481759262e+10 6.562215330518238831e+10 6.631573453150813258e+00
1.995262314969029785e+12 1.450876886188243509e+00 -3.721681227407790393e-01 -2.066016139302480514e+00 4.719946932800240802e-01 1.622691622236904879e-15 3.237695442665257384e-03 7.455069261935780289e-03 3.034104734553837168e-03 2.156008603870926666e+10 6.636458596129071808e+10 6.907535792264789087e+00
2.238721138568511719e+12 1.424986216713979736e+00 -3.541621411924174012e-01 -2.057174338719847562e+00 4.688185480551191331e-01 1.292396241627435375e-15 2.893314785537837597e-03 6.662103494518689835e-03 2.681175415642477085e-03 2.081535077185090637e+10 6.710932122814907837e+10 7.198216815936798518e+00
2.511886431509777344e+12 1.399320118070232155e+00 -3.359864887149643375e-01 -2.048251279457803609e+00 4.652055876710647908e-01 1.028316325321454295e-15 2.583013824874955122e-03 5.947609128154604519e-03 2.365932600075646135e-03 2.006899300711477280e+10 6.785567899288520813e+10 7.504686311167851009e+00
2.818382931264679688e+12 1.373879410413878510e+00 -3.176384246020320656e-01 -2.039283351318320392e+00 4.611376574295692476e-01 8.173073647566139710e-16 2.303485126426956658e-03 5.303970514044215913e-03 2.084643109020676774e-03 1.932178454127355957e+10 6.860288745872642517e+10 7.828095138214624882e+00
3.162277660168638184e+12 1.348665288903433401e+00 -2.991154285026019211e-01 -2.030130039008106735e+00 4.565970529308513992e-01 6.489423527771984451e-16 2.052135904924610142e-03 4.725217543477253958e-03 1.833913407582640981e-03 1.857450779522635269e+10 6.935016420477363586e+10 8.169717853119538020e+00
3.548133892336050781e+12 1.323679791714719611e+00 -2.804155791065259251e-01 -2.020776860623062721e+00 4.515668433230878853e-01 5.147107276144368004e-16 1.826262577397732428e-03 4.205124986608903270e-03 1.610654844330487896e-03 1.782793788613457489e+10 7.009673411386541748e+10 8.530984881066940417e+00
3.981071705535311035e+12 1.298924313376341511e+00 -2.615364706917758242e-01 -2.011328287954321503e+00 4.460308282682091674e-01 4.077335904876099291e-16 1.623216660486545256e-03 3.737594485135896632e-03 1.412086857536868668e-03 1.708293843268368912e+10 7.084173356731629944e+10 8.913457464099080241e+00
4.466835921510018555e+12 1.274399749340650256e+00 -2.424752829255547859e-01 -2.001833527289160308e+00 4.399737421791687919e-01 3.225442047350864005e-16 1.440752039985565645e-03 3.317454169971525198e-03 1.235710641159183795e-03 1.634048455503540802e+10 7.158418744496456909e+10 9.318823176878218817e+00
5.011872336273166016e+12 1.250106973873709171e+00 -2.232291267514949218e-01 -1.992194548085227890e+00 4.333815899207449918e-01 2.548042505297221122e-16 1.277046374394731360e-03 2.940507944743401755e-03 1.079261588291311261e-03 1.560158520810433769e+10 7.232308679189564514e+10 9.748948133147683492e+00
5.623413251903997070e+12 1.226047873512242870e+00 -2.037958852934419474e-01 -1.982312252260398422e+00 4.262422472639406656e-01 2.010159623038762591e-16 1.130395826263852011e-03 2.602832578737833066e-03 9.406780752042810841e-04 1.486722886713902283e+10 7.305744313286096191e+10 1.020593957462783052e+01
6.309573444802510742e+12 1.202224074618525318e+00 -1.841732368911626061e-01 -1.972313690983967138e+00 4.185454774635526398e-01 1.583298246913433630e-16 9.989936573927369213e-04 2.300267903508117218e-03 8.181005631481328257e-04 1.413846605474732208e+10 7.378620594525265503e+10 1.069213506310175532e+01
7.079457843842039062e+12 1.178636518789743848e+00 -1.643582778302880576e-01 -1.962246014343848266e+00 4.102830847285625082e-01 1.244908776337096478e-16 8.813279201507452035e-04 2.029332530978552804e-03 7.098605522859665088e-04 1.341645897014466858e+10 7.450821302985531616e+10 1.121008706914714814e+01
7.943282347243568359e+12 1.155285882796308172e+00 -1.443478309188974962e-01 -1.952085236604875762e+00 4.014493474061039957e-01 9.770487234477823125e-17 7.760973877359632431e-04 1.787030275712448964e-03 6.144514821186918821e-04 1.270242246646326065e+10 7.522224953353672791e+10 1.176262183031620978e+01
8.912509381338316406e+12 1.132173722501900848e+00 -1.241394331141124907e-01 -1.941665186660112230e+00 3.920418444947048608e-01 7.654468013139375982e-17 6.822051797625874837e-04 1.570835477284657352e-03 5.305048382937645928e-04 1.199754816719088745e+10 7.592712383280909729e+10 1.235293672824282041e+01
1.000000000000098242e+13 1.109301856861029112e+00 -1.037308596644646724e-01 -1.931078002599533772e+00 3.820617089230282648e-01 5.984653834527736122e-17 5.984653834528323767e-04 1.378017470611457400e-03 4.567835145963620438e-04 1.130304165134202766e+10 7.662163034865795898e+10 1.298463838930508985e+01
1.122018454302075391e+13 1.086671280454458932e+00 -8.311915251847991348e-02 -1.920403025665623709e+00 3.715135648835723448e-01 4.668698631797943588e-17 5.238366022452142735e-04 1.206178351494481766e-03 3.921786190437138303e-04 1.062019869130001640e+10 7.730447330869996643e+10 1.366171944096371149e+01
1.258925411794294922e+13 1.064282603762749746e+00 -6.230096069285687155e-02 -1.909679356679828910e+00 3.604060587315282005e-01 3.633338196241398944e-17 4.574101784891143846e-04 1.053225858372780488e-03 3.356935137970325071e-04 9.950376899544815063e+09 7.797429510045516968e+10 1.438861581042529636e+01
1.412537544622899805e+13 1.042136950310867505e+00 -4.127336493573349752e-02 -1.898709391589086470e+00 3.487527164292807402e-01 2.820843817809908200e-17 3.984547800173894008e-04 9.174760367002626977e-04 2.864259664202066470e-04 9.294901363145994186e+09 7.862977063685398865e+10 1.517035944239631284e+01
1.584893192461279492e+13 1.020236192540851405e+00 -2.003416180455677709e-02 -1.887506322060430453e+00 3.365725787936096336e-01 2.184418210691049050e-17 3.462069551612692499e-04 7.971709740451966451e-04 2.435597911515703260e-04 8.655051313615272522e+09 7.926962068638470459e+10 1.601270867112593521e+01
1.778279410039111719e+13 9.985814408568507439e-01 1.419566250711023700e-03 -1.876199792383429932e+00 3.238898099132579422e-01 1.686731280883922355e-17 2.999479507064776876e-04 6.906556799708483789e-04 2.063641248011693495e-04 8.032148907337605476e+09 7.989252309266238403e+10 1.692213933578666030e+01
1.995262314969094922e+13 9.771733076924240535e-01 2.309125506328153429e-02 -1.864859158760886482e+00 3.107341233234403588e-01 1.298369198054270009e-17 2.590587131794329888e-04 5.965047311771825818e-04 1.741851145224687246e-04 7.427558360853277206e+09 8.049711363914671326e+10 1.790590683570371411e+01
2.238721138568585156e+13 9.560124819029168775e-01 4.498430963216538264e-02 -1.853322222910990469e+00 2.971414165209350089e-01 9.962402675278441833e-18 2.230304146007807201e-04 5.135465079440392931e-04 1.464338335444382916e-04 6.842590652405529022e+09 8.108208134759445190e+10 1.897227987476791711e+01
2.511886431509859375e+13 9.351006833973364296e-01 6.710107271292438391e-02 -1.841485421990989746e+00 2.831546998103654511e-01 7.618768613407248305e-18 1.913748150483085358e-04 4.406567963047278223e-04 1.225787509382192180e-04 6.278448839764818192e+09 8.164622316023516846e+10 2.013082635863884917e+01
2.818382931264771875e+13 9.144391908347820896e-01 8.944430780189270569e-02 -1.829526066270319884e+00 2.688233665703269049e-01 5.804813466695773691e-18 1.636018719371125807e-04 3.767072315083163660e-04 1.021446502428931973e-04 5.736302575025446892e+09 8.218836942497453308e+10 2.139249593345668643e+01
3.162277660168741406e+13 8.940286032468190980e-01 1.120175096371991003e-01 -1.817511719507057144e+00 2.542030322678517362e-01 4.404910395295695980e-18 1.392954973808863963e-04 3.207397357904201896e-04 8.470847606042486205e-05 5.217309241879070282e+09 8.270736275812091064e+10 2.276972106567529508e+01
3.548133892336166406e+13 8.738692735353196239e-01 1.348244871277513302e-01 -1.805375902420227163e+00 2.393557315065909519e-01 3.328393067728582369e-18 1.180958425062452838e-04 2.719257264994529998e-04 6.989183950317810008e-05 4.722534994976743698e+09 8.320213700502323914e+10 2.427678523548825495e+01
3.981071705535441406e+13 8.539625522669125335e-01 1.578679359595501208e-01 -1.792904111328198713e+00 2.243506503602992752e-01 2.503967052335939695e-18 9.968472383647590887e-05 2.295325591050976523e-04 5.735538236306438325e-05 4.252881379240922928e+09 8.367179062075906372e+10 2.593036361891950037e+01
4.466835921510164844e+13 8.343098798342380995e-01 1.811503870799336668e-01 -1.780254537507655499e+00 2.092631260791597836e-01 1.874655310348933933e-18 8.373777680716404576e-05 1.928133565966384875e-04 4.679673447052102041e-05 3.809118578254610062e+09 8.411555342174537659e+10 2.774990392197714684e+01
5.011872336273329688e+13 8.149118229288194737e-01 2.046753643199043515e-01 -1.767525650453819486e+00 1.941733075610462822e-01 1.396133423996558263e-18 6.997242485474913288e-05 1.611174623911914260e-04 3.794846399582531255e-05 3.391927133244165897e+09 8.453274486675581360e+10 2.975787619848195931e+01
5.623413251904180469e+13 7.957685417247151172e-01 2.284469121492484767e-01 -1.754752513813684800e+00 1.791656923308011240e-01 1.033879757465316237e-18 5.813933129005939121e-05 1.338707575451330591e-04 3.057375849741723227e-05 3.001849447076486588e+09 8.492282255292349243e+10 3.198038760156918059e+01
6.309573444802717188e+13 7.768808710522057126e-01 2.524682594781960665e-01 -1.741649538519573159e+00 1.643289705598106887e-01 7.611587668150918851e-19 4.802587142375287484e-05 1.105836556183821019e-04 2.446239816832937968e-05 2.639212874841311932e+09 8.528545912515867615e+10 3.444823615506626879e+01
7.079457843842270312e+13 7.582502935772110764e-01 2.767417452361907171e-01 -1.728279143788371774e+00 1.497547638186867147e-01 5.568419514647090002e-19 3.942139121077270763e-05 9.077110774701174084e-05 1.942852908419455461e-05 2.304126392928116798e+09 8.562054560707186890e+10 3.719803734181493837e+01
7.943282347243828125e+13 7.398773948869095118e-01 3.012707890960547585e-01 -1.714812792422345744e+00 1.355349152242050492e-01 4.045545490481304834e-19 3.213491007951202320e-05 7.399336491378849837e-05 1.530941726767456727e-05 1.996536287911442995e+09 8.592813571208854675e+10 4.027298125323576272e+01
8.912509381338607812e+13 7.217622341543487030e-01 3.260595099012869036e-01 -1.701350220987820183e+00 1.217600960859643866e-01 2.917135044318371883e-19 2.599899344911910540e-05 5.986489474879150491e-05 1.196296077611008006e-05 1.716212131562864304e+09 8.620845986843711853e+10 4.372405585384776572e+01
1.000000000000130938e+14 7.039050731676407269e-01 3.511117711662340990e-01 -1.687618638795076675e+00 1.085185021695510288e-01 2.087004334456004089e-19 2.087004334456277354e-05 4.805505069532984441e-05 9.264962140007058016e-06 1.462687895809161901e+09 8.646198410419082642e+10 4.761225859201398691e+01
1.122018454302112188e+14 6.863072214916002833e-01 3.764299067688346989e-01 -1.673516471252314286e+00 9.589440410886114485e-02 1.480657575253759147e-19 1.661325123936936108e-05 3.825342464993675015e-05 7.107250256375402978e-06 1.235247648077111721e+09 8.668942435192286682e+10 5.201151019684402144e+01
1.258925411794336094e+14 6.689693408089993909e-01 4.020170482912071019e-01 -1.659300405794954747e+00 8.396471996082364997e-02 1.040849237227530009e-19 1.310351554592488792e-05 3.017195956186238486e-05 5.396615651080431972e-06 1.032984410543252468e+09 8.689168758945672607e+10 5.701111092712663009e+01
1.412537544622946250e+14 6.518913884569538242e-01 4.278773130530632018e-01 -1.645081712654935080e+00 7.279690783864321835e-02 7.244118456977091005e-20 1.023258929817618625e-05 2.356140758071089127e-05 4.053281472516105997e-06 8.548203619733095169e+08 8.706985163802667236e+10 6.271880073522214616e+01
1.584893192461331250e+14 6.350731046892678089e-01 4.540151612209666898e-01 -1.630706030429154740e+00 6.244731942119573220e-02 4.988500301750109116e-20 7.906240168835045547e-06 1.820479075439030588e-05 3.009126514138580473e-06 6.994853076014751196e+08 8.722518669239851379e+10 6.926595890268363576e+01
1.778279410039170000e+14 6.185153724025370670e-01 4.804332331293764136e-01 -1.615883926728915787e+00 5.296012802835452227e-02 3.396886568379701493e-20 6.040613442788236661e-06 1.390902646590363499e-05 2.206281083631235255e-06 5.655183468144195080e+08 8.735915365318556213e+10 7.681506213614389367e+01
1.995262314969160312e+14 6.022189558181184621e-01 5.071341858176275919e-01 -1.600891633094764899e+00 4.436485497282731394e-02 2.284809134641468519e-20 4.558793563247420787e-06 1.049701010077072062e-05 1.596130169464378948e-06 4.513222866846080422e+08 8.747334971331538391e+10 8.556783907553037238e+01
2.238721138568658125e+14 5.861836686963811660e-01 5.341221107038351956e-01 -1.585864310912211472e+00 3.667483208484137447e-02 1.516417275714569953e-20 3.394835410032904692e-06 7.816897408310095782e-06 1.138282481737360444e-06 3.552119313347964287e+08 8.756946006866519165e+10 9.577451968384409042e+01
2.511886431509941875e+14 5.704088801864326541e-01 5.614018416539504619e-01 -1.570814202308549845e+00 2.988699085940445949e-02 9.920427534079139646e-21 2.491898731763102116e-06 5.737808873008487946e-06 7.994148247043973755e-07 2.754304870330123901e+08 8.764924151296697998e+10 1.077480123576919340e+02
2.818382931264864375e+14 5.548948375984587011e-01 5.889766649942266286e-01 -1.555304954507949144e+00 2.398241765775576198e-02 6.391880572372640618e-21 1.801476710385854251e-06 4.148053418710420450e-06 5.522682674114257879e-07 2.101716690130734742e+08 8.771450033098690796e+10 1.218849181475682997e+02
3.162277660168845000e+14 5.396423153241518555e-01 6.168487379230748191e-01 -1.539496883659451365e+00 1.892667399351465746e-02 4.050757978415348351e-21 1.280962146189356763e-06 2.949524342505272820e-06 3.748288233810342185e-07 1.576266242888313532e+08 8.776704537571115112e+10 1.386933612469589434e+02
3.548133892336283125e+14 5.246510270562142475e-01 6.450219477775137600e-01 -1.523634965663505980e+00 1.467060479414620915e-02 2.521165034893965309e-21 8.945431108480466013e-07 2.059761632079232633e-06 2.495966740164221327e-07 1.160378118054744154e+08 8.780863418819450378e+10 1.588255624710959353e+02
3.981071705535571875e+14 5.099201018786599926e-01 6.735012285197121695e-01 -1.507865533567766869e+00 1.115270867333971461e-02 1.538678291292455051e-21 6.125588609386213703e-07 1.410468901778682299e-06 1.628409106699746459e-07 8.372909207216663659e+07 8.784094290792781067e+10 1.831240954618769479e+02
4.466835921510310625e+14 4.954490431194999434e-01 7.022907698152528466e-01 -1.491705385811511020e+00 8.302021089544161722e-03 9.196647042350530511e-22 4.107991336622290234e-07 9.458999613855170773e-07 1.039316890908699235e-07 5.912819766696427763e+07 8.786554380233302307e+10 2.126917631862414737e+02
5.011872336273493750e+14 4.812384390514705679e-01 7.313924164188849719e-01 -1.475080371323971740e+00 6.041162512150075915e-03 5.374362793663249499e-22 2.693562021065837025e-07 6.202155756761110887e-07 6.477880066432938613e-08 4.079414463714164495e+07 8.788387785536283875e+10 2.489940861510091281e+02
5.623413251904365000e+14 4.672879832964705327e-01 7.608095447862165406e-01 -1.458381743674983522e+00 4.289231752508363901e-03 3.064191218066403499e-22 1.723121350204359153e-07 3.967633534400330344e-07 3.935432743642589555e-08 2.744513067248735577e+07 8.789722686932749939e+10 2.939922182309142613e+02
6.309573444802923750e+14 4.535966034332449270e-01 7.905470146185770153e-01 -1.441811674989987413e+00 2.965297937801299275e-03 1.700778620867243030e-22 1.073118762171249600e-07 2.470947264787742185e-07 2.325787543845578768e-08 1.796956411212236434e+07 8.790670243588786316e+10 3.503294548268883659e+02
7.079457843842502500e+14 4.401630854070118226e-01 8.206099720907737982e-01 -1.425023072336306429e+00 1.991636407031716679e-03 9.171571563515433464e-23 6.492975424569218398e-08 1.495062842178976772e-07 1.334285017103903131e-08 1.142584970949374884e+07 8.791324615029049683e+10 4.216160452206590890e+02
7.943282347244088750e+14 4.269875423800191250e-01 8.510004409331574093e-01 -1.407607016640833653e+00 1.296450415749290886e-03 4.794746745879695391e-23 3.808602718605222257e-08 8.769631844996981090e-08 7.412785104342369918e-09 7.038299572563558817e+06 8.791763370042741394e+10 5.128687016656161859e+02
8.912509381338898750e+14 4.140697135970926035e-01 8.817209290017414824e-01 -1.390065856984552983e+00 8.157520630088100754e-04 2.422845930699528201e-23 2.159363708689831916e-08 4.972118685981544741e-08 3.977347471597752522e-09 4.188956666060192976e+06 8.792048304333392334e+10 6.311542177081054206e+02
