0.36960684257804427 0.10401894491420503 0.2689172063141846 0.24751433126881128 run_skipped/meraxes_000
0.3757960999440281 0.10367919833631882 0.25965284977586645 0.2463760493520711 run_skipped/meraxes_001
0.1013184332087049 0.12799426012184925 0.23596413473731861 0.15509227602262426 run_skipped/meraxes_002
0.10010054489766715 0.11059560213884101 0.23524616704795856 0.14864743802815558 run_skipped/meraxes_003
0.0987982091913254 0.11396556819208069 0.23440798961751788 0.14905725566697467 run_skipped/meraxes_004
0.08781232324858383 0.1660707585848198 0.2674973611219276 0.1737934809851104 run_skipped/meraxes_005
0.08675391283139432 0.1645016696518654 0.2619428753572816 0.1710661526135138 run_skipped/meraxes_006
0.08516878368942012 0.16658595031055323 0.2597799739609135 0.17051156932029563 run_skipped/meraxes_007
0.08533898984446799 0.18727341157056915 0.3011546427916585 0.19125568140223187 run_skipped/meraxes_008
0.07882688708637775 0.188251079825528 0.2928329803137554 0.1866369824085537 run_skipped/meraxes_009
0.07838907943655855 0.19066248482500833 0.2912619758378254 0.18677118003313078 run_skipped/meraxes_010
0.08564113212029253 0.12472644108470943 0.27658383378604606 0.16231713566368267 run_skipped/meraxes_011
0.07979973839255997 0.08848948015557621 0.2040726017767947 0.12412060677497697 run_skipped/meraxes_012
0.08011877075159297 0.08905354216622177 0.1670623814806728 0.11207823146616251 run_skipped/meraxes_013
0.12713139211237087 0.10815882567022138 0.2806160270983165 0.17196874829363626 run_skipped/meraxes_014
0.13428357240100894 0.10276877256784858 0.2110177418139103 0.14935669559425593 run_skipped/meraxes_015
0.1473166752512601 0.108865682140006 0.1942396956470846 0.1501406843461169 run_skipped/meraxes_016
0.17202480577255605 0.11750874479927097 0.27727447800195154 0.18893600952459286 run_skipped/meraxes_017
0.1742887046896204 0.12194980455597519 0.19514486281658747 0.16379445735406103 run_skipped/meraxes_018
0.17066848250844335 0.1279830063588246 0.21371118428275038 0.17078755771667278 run_skipped/meraxes_019
0.18941022974860822 0.19925190344343163 0.13101187190839977 0.17322466836681322 run_skipped/meraxes_020
0.23486540797444627 0.12958873563652026 0.10005748056867371 0.15483720805988008 run_skipped/meraxes_021
0.2572132178755387 0.10270037549993759 0.11596758417287743 0.15862705918278458 run_skipped/meraxes_022
0.31232284567190194 0.1481491875591006 0.1987858992973651 0.21975264417612253 run_skipped/meraxes_023
0.33520959714332926 0.11554311195404586 0.17597720604622366 0.20890997171453293 run_skipped/meraxes_024
0.3124901024438469 0.09958736557412416 0.1669336452428814 0.19300370442028417 run_skipped/meraxes_025
0.4422619001858986 0.15705247946164022 0.4692085561617095 0.3561743119364161 run1/meraxes_026
0.0910787050180098 0.1245444717096363 0.22254992399944162 0.14605770024236256 run1/meraxes_027
0.09109819437125334 0.10998251406606663 0.22314105395900433 0.1414072541321081 run1/meraxes_028
0.08864403532814752 0.11783029556666302 0.22045790052817854 0.14231074380766304 run1/meraxes_029
0.08344602276168496 0.1754764111556702 0.27217907580807316 0.17703383657514277 run1/meraxes_030
0.08281515194061255 0.17420723021225393 0.26767152384388027 0.17489796866558224 run1/meraxes_031
0.07320919799722214 0.17668116545547427 0.2712219055937041 0.17370408968213352 run1/meraxes_032
0.08443565840988641 0.19695383613671957 0.30503565830162954 0.19547505094941184 run1/meraxes_033
0.08448012484945543 0.1986347130233598 0.30145537450187104 0.19485673745822876 run1/meraxes_034
0.08479472356389489 0.20118901215802704 0.2868977229156777 0.19096048621253323 run1/meraxes_035
0.0688402982168097 0.11406655632635998 0.2751282635611993 0.15267837270145632 run1/meraxes_036
0.07249220541559391 0.08148223913773887 0.19662760259856346 0.11686734905063208 run1/meraxes_037
0.08203999762078322 0.08988916455994951 0.16163313305044277 0.11118743174372517 run1/meraxes_038
0.15387443179498084 0.10935510576813966 0.2709239918188058 0.17805117646064209 run1/meraxes_039
0.1567349822453715 0.10789642319663581 0.21232695210921745 0.1589861191837416 run1/meraxes_040
0.16960686293704708 0.11483543034449589 0.20343873225482845 0.1626270085121238 run1/meraxes_041
0.1753447274045901 0.12356651467967192 0.2736085216277151 0.1908399212373257 run1/meraxes_042
0.18753697790692556 0.1288012569460583 0.2113321190573666 0.1758901179701168 run1/meraxes_043
0.19935419184471964 0.13517094582790537 0.24325195363570373 0.19259236376944291 run1/meraxes_044
0.22735009158665107 0.18874133138412405 0.13909513480785582 0.18506218592621032 run1/meraxes_045
0.2629664574482112 0.1224158854306058 0.10193753332882723 0.1624399587358814 run1/meraxes_046
0.2824193101696051 0.09825994770636173 0.13492313597540306 0.1718674646171233 run1/meraxes_047
0.3319887900979934 0.135897679225245 0.18308842308133014 0.21699163080152287 run1/meraxes_048
0.34124287451993635 0.11116105486718801 0.19868308074235705 0.2170290033764938 run1/meraxes_049
0.3305510227022306 0.11647553402893684 0.2045163268207728 0.2171809611839801 meraxes_026
0.3253099562237164 0.10645757752157063 0.21453408695287593 0.2154338735660543 meraxes_027
0.36960684257804427 0.10401894491420503 0.2689172063141846 0.24751433126881128 run2/meraxes_000
0.3757960999440281 0.10367919833631882 0.25965284977586645 0.2463760493520711 run2/meraxes_001
0.1013184332087049 0.12799426012184925 0.23596413473731861 0.15509227602262426 run2/meraxes_002
0.10010054489766715 0.11059560213884101 0.23524616704795856 0.14864743802815558 run2/meraxes_003
0.0987982091913254 0.11396556819208069 0.23440798961751788 0.14905725566697467 run2/meraxes_004
0.08781232324858383 0.1660707585848198 0.2674973611219276 0.1737934809851104 run2/meraxes_005
0.08675391283139432 0.1645016696518654 0.2619428753572816 0.1710661526135138 run2/meraxes_006
0.08516878368942012 0.16658595031055323 0.2597799739609135 0.17051156932029563 run2/meraxes_007
0.08533898984446799 0.18727341157056915 0.3011546427916585 0.19125568140223187 run2/meraxes_008
0.07882688708637775 0.188251079825528 0.2928329803137554 0.1866369824085537 run2/meraxes_009
0.07838907943655855 0.19066248482500833 0.2912619758378254 0.18677118003313078 run2/meraxes_010
0.08564113212029253 0.12472644108470943 0.27658383378604606 0.16231713566368267 run2/meraxes_011
0.07979973839255997 0.08848948015557621 0.2040726017767947 0.12412060677497697 run2/meraxes_012
0.08011877075159297 0.08905354216622177 0.1670623814806728 0.11207823146616251 run2/meraxes_013
0.12713139211237087 0.10815882567022138 0.2806160270983165 0.17196874829363626 run2/meraxes_014
0.13428357240100894 0.10276877256784858 0.2110177418139103 0.14935669559425593 run2/meraxes_015
0.1473166752512601 0.108865682140006 0.1942396956470846 0.1501406843461169 run2/meraxes_016
0.17202480577255605 0.11750874479927097 0.27727447800195154 0.18893600952459286 run2/meraxes_017
0.1742887046896204 0.12194980455597519 0.19514486281658747 0.16379445735406103 run2/meraxes_018
0.17066848250844335 0.1279830063588246 0.21371118428275038 0.17078755771667278 run2/meraxes_019
0.18941022974860822 0.19925190344343163 0.13101187190839977 0.17322466836681322 run2/meraxes_020
0.23486540797444627 0.12958873563652026 0.10005748056867371 0.15483720805988008 run2/meraxes_021
0.2572132178755387 0.10270037549993759 0.11596758417287743 0.15862705918278458 run2/meraxes_022
0.31232284567190194 0.1481491875591006 0.1987858992973651 0.21975264417612253 run2/meraxes_023
0.33520959714332926 0.11554311195404586 0.17597720604622366 0.20890997171453293 run2/meraxes_024
0.3124901024438469 0.09958736557412416 0.1669336452428814 0.19300370442028417 run2/meraxes_025
0.3305510227022306 0.11647553402893684 0.2045163268207728 0.2171809611839801 run2/meraxes_026
0.3253099562237164 0.10645757752157063 0.21453408695287593 0.2154338735660543 run2/meraxes_027
0.3380881972048188 0.10129090490471686 0.2290181162052736 0.2227990727716031 run2/meraxes_028
0.14867524529747128 0.15752125355644767 0.2864947552091473 0.19756375135435542 run2/meraxes_029
0.14815097349403566 0.12784610928077386 0.2859770124329975 0.18732469840260235 run2/meraxes_030
0.14798876753934767 0.11780183175120665 0.28394645454228984 0.18324568461094806 run2/meraxes_031
0.14520941775803864 0.11286600594968611 0.2843121988800755 0.1807958741959334 run2/meraxes_032
0.14456057027950245 0.1077114277698264 0.2841716358785274 0.17881454464261876 run2/meraxes_033
0.1439629545304604 0.11011796517839623 0.2828283564782286 0.17896975872902843 run2/meraxes_034
0.14087341686441468 0.14181205241632794 0.2850600326871244 0.18924850065595566 run2/meraxes_035
0.14054113520016095 0.1433462362314606 0.2844207656278869 0.1894360456865028 run2/meraxes_036
0.13964346688856208 0.14676255748407838 0.28416959793513835 0.19019187410259294 run2/meraxes_037
0.14188503034517375 0.1781230007440208 0.2948659859482478 0.20495800567914746 run2/meraxes_038
0.14020402817116545 0.1279508515600188 0.28228009135008186 0.18347832369375539 run2/meraxes_039
0.13624099059306616 0.11185727531275855 0.26805416420790723 0.17205081003791065 run2/meraxes_040
0.1279734893316115 0.1008835532949105 0.2923519332633005 0.1737363252966075 run2/meraxes_041
0.12879096175169558 0.08661204509481835 0.24802223341053958 0.1544750800856845 run2/meraxes_042
0.12960694906521947 0.08695705722175212 0.23425532648832753 0.1502731109250997 run2/meraxes_043
0.12931598639400527 0.11478822989776707 0.26730977789177135 0.17047133139451456 run2/meraxes_044
0.13109015605779897 0.11484369537430905 0.2364840026793555 0.16080595137048784 run2/meraxes_045
0.13618265989325443 0.11838298204724844 0.2219048086991211 0.15882348354654133 run2/meraxes_046
0.1431768869408426 0.23769337239952756 0.1851671280287079 0.18867912912302603 run2/meraxes_047
0.16861157563669574 0.16012107048118077 0.1463306014879943 0.1583544158686236 run2/meraxes_048
0.1915426070034307 0.12616706139855488 0.1354913700526373 0.15106701281820764 run2/meraxes_049
0.19487513015863087 0.1737528542908223 0.17587382370720472 0.18150060271888596 run2/meraxes_050
0.22498317258003292 0.13076975234511162 0.15849059055424913 0.1714145051597979 run2/meraxes_051
0.23119563934456752 0.11283989461833671 0.12476747741706559 0.15626767045998993 run2/meraxes_052
0.23813284972910123 0.17632759407197637 0.18969955026252963 0.2013866646878691 run2/meraxes_053
0.26507452310316465 0.13646145424677084 0.15975076471809796 0.18709558068934448 run2/meraxes_054
0.259452711257736 0.1276352698625953 0.17159250962621722 0.1862268302488495 run2/meraxes_055
