0.07218961470095085 0.1124979340377347 0.43672967436081706 0.20713907436650086
0.07097498457965182 0.12849335977902032 0.47660987070991534 0.2253594050228625
0.07371923130895203 0.1453512252346817 0.49762629427981897 0.2388989169411509
0.08657607661913594 0.21047991328354704 0.5039662873127648 0.26700742573848263
0.08205777642049658 0.21792642322233524 0.5343714996534457 0.2781185664320925
0.10393241933747276 0.22355928047078474 0.5446804405940986 0.29072404680078534
0.12640478036942313 0.24404529325645694 0.5487695658698507 0.3064065464985769
0.12619898370956908 0.24944504986985522 0.5692010272216894 0.31494835360037127
0.12878586507996487 0.253913076198601 0.5694495554092815 0.3173828322292825
0.11320151828625072 0.06144257366111684 0.4669751107660945 0.213873067571154
0.12001452137019716 0.07635960908103136 0.4878332919918778 0.22806914081436877
0.12617700771148604 0.10227456188117916 0.5117371492877745 0.24672957296014655
0.22312132093358128 0.12831440181988862 0.5187259556771299 0.29005389281019994
0.2359912758565755 0.1425595518304659 0.5801989776477069 0.3195832684449161
0.24926098808737263 0.1539981965062518 0.6022306793803979 0.33516328799134076
0.2595688980009242 0.16818832591050856 0.5793634921005267 0.33570690533731984
0.2713890335246515 0.17787527432079697 0.5955463843050145 0.348270230716821
0.28842070765404665 0.18617819273823308 0.6427785709723152 0.3724591571215316
0.33697366308138366 0.10764057401302252 0.6253958885121429 0.3566700418688497
0.380201397385495 0.09971894015920928 0.6658227180166388 0.38191435185378103
0.38645046693519264 0.13574239530113347 0.574808645591828 0.36566716927605136
0.44151340204782835 0.13424128952991599 0.6811759219519494 0.41897687117656457
0.47666558177163515 0.13443258869481917 0.7479687310617901 0.4530223005094148
0.41578447151675246 0.1479949845573273 0.6648338357432728 0.4095377639391175
0.4787853802481527 0.15532481009298094 0.7237218278138708 0.4526106727183348
0.4422619001858986 0.15705247946164022 0.7742121603967437 0.45784218001476085
0.0910787050180098 0.1245444717096363 0.39772353783386477 0.20444890485383696
0.09109819437125334 0.10998251406606663 0.4279555376801874 0.2096787487058358
0.08864403532814752 0.11783029556666302 0.4455191948646087 0.21733117525313975
0.08344602276168496 0.1754764111556702 0.44175574371266335 0.2335593925433395
0.08281515194061255 0.17420723021225393 0.46514731071332055 0.24072323095539566
0.07320919799722214 0.17668116545547427 0.4834153386732198 0.24443523404197207
0.08443565840988641 0.19695383613671957 0.4713606029299069 0.25091669915883763
0.08448012484945543 0.1986347130233598 0.4926280890779857 0.258580975650267
0.08479472356389489 0.20118901215802704 0.49991013085790165 0.26196462219327454
0.0688402982168097 0.11406655632635998 0.42766047214645725 0.20352244222987564
0.07249220541559391 0.08148223913773887 0.4167827839779638 0.1902524095104322
0.08203999762078322 0.08988916455994951 0.42361980158604373 0.19851632125559215
0.15387443179498084 0.10935510576813966 0.44144046327321745 0.23489000027877932
0.1567349822453715 0.10789642319663581 0.4390794105918022 0.23457027201126984
0.16960686293704708 0.11483543034449589 0.4540559965274506 0.24616609660299785
0.1753447274045901 0.12356651467967192 0.4542434646343545 0.2510515689062055
0.18753697790692556 0.1288012569460583 0.44909100260794227 0.25514307915364204
0.19935419184471964 0.13517094582790537 0.4815063489671611 0.27201049554659534
0.2629664574482112 0.1224158854306058 0.39380162861480456 0.2597279904978739
0.2824193101696051 0.09825994770636173 0.46504524710524703 0.2819081683270713
0.3319887900979934 0.135897679225245 0.44066527147071244 0.3028505802646503
0.34124287451993635 0.11116105486718801 0.48525459290542305 0.3125528407641825
0.07838907943655855 0.19066248482500833 0.502565829644547 0.25720579796870463
0.08564113212029253 0.12472644108470943 0.42720005496647695 0.2125225427238263
0.07979973839255997 0.08848948015557621 0.4174893971234029 0.1952595385571797
0.08011877075159297 0.08905354216622177 0.42261309009229964 0.19726180100337146
0.12713139211237087 0.10815882567022138 0.44783254265107114 0.22770758681122114
0.13428357240100894 0.10276877256784858 0.4375001253828649 0.22485082345057414
0.1473166752512601 0.108865682140006 0.4488786158474851 0.23502032441291706
0.17202480577255605 0.11750874479927097 0.4576043189479895 0.2490459565066055
0.1742887046896204 0.12194980455597519 0.4416953890100191 0.2459779660852049
0.17066848250844335 0.1279830063588246 0.46731404178571967 0.25532184355099585
0.23486540797444627 0.12958873563652026 0.38976260137688284 0.25140558166261645
0.2572132178755387 0.10270037549993759 0.4554277755341836 0.27178045630321995
0.33520959714332926 0.11554311195404586 0.4714733470176997 0.30740868537169164
0.3124901024438469 0.09958736557412416 0.4964081020584728 0.3028285233588146
0.3253099562237164 0.10645757752157063 0.508636017475244 0.31346785040684366
0.3380881972048188 0.10129090490471686 0.5384918488679415 0.3259569836591591
0.14867524529747128 0.15752125355644767 0.46962032460827713 0.258605607820732
0.14815097349403566 0.12784610928077386 0.4933518613678449 0.2564496480475515
0.14798876753934767 0.11780183175120665 0.5070784414912728 0.25762301359394235
0.14520941775803864 0.11286600594968611 0.5006911930049663 0.252922205570897
0.14456057027950245 0.1077114277698264 0.521229673075482 0.2578338903749369
0.1439629545304604 0.11011796517839623 0.5334066401881744 0.2624958532990103
0.14087341686441468 0.14181205241632794 0.5118519854193299 0.2648458182333575
0.14054113520016095 0.1433462362314606 0.5304819336979925 0.27145643504320466
0.13964346688856208 0.14676255748407838 0.5426476926607147 0.27635123901111835
0.14020402817116545 0.1279508515600188 0.4928178763006489 0.2536575853439444
0.13624099059306616 0.11185727531275855 0.5011670944151488 0.2497551201069912
0.1279734893316115 0.1008835532949105 0.5060919115651658 0.2449829847305626
0.12879096175169558 0.08661204509481835 0.5053317473738084 0.24024491807344076
0.12960694906521947 0.08695705722175212 0.5138504871795856 0.24347149782218572
0.12931598639400527 0.11478822989776707 0.5032568963421108 0.24912037087796104
0.13109015605779897 0.11484369537430905 0.5096809601225428 0.2518716038515503
0.13618265989325443 0.11838298204724844 0.5176679562479195 0.25741119939614077
0.16861157563669574 0.16012107048118077 0.44348261582527965 0.2574050873143854
0.1915426070034307 0.12616706139855488 0.4644506128164591 0.2607200937394816
0.22498317258003292 0.13076975234511162 0.47987580371442334 0.2785429095465226
0.23119563934456752 0.11283989461833671 0.4924000348462767 0.278811856269727
0.26507452310316465 0.13646145424677084 0.49154810399966753 0.297694693783201
0.259452711257736 0.1276352698625953 0.5157042984136275 0.30093075984465295
