# [1] m:            [M_sun/h] 
# [2] sigma 
# [3] ln(1/sigma) 
# [4] n_eff 
# [5] f(sigma) 
# [6] dn/dm:        [h^4/(Mpc^3*M_sun)] 
# [7] dn/dlnm:      [h^3/Mpc^3] 
# [8] dn/dlog10m:   [h^3/Mpc^3] 
# [9] n(>m):        [h^3/Mpc^3] 
# [11] rho(>m):     [M_sun*h^2/Mpc^3] 
# [11] rho(<m):     [M_sun*h^2/Mpc^3] 
# [12] Lbox(N=1):   [Mpc/h]
1.000000000000000000e+10 1.578138413658251027e+00 -4.562459331893071734e-01 -2.366626478989699578e+00 4.817348299329155537e-01 4.347033636055976978e-11 4.347033636055976924e-01 1.000941484912619694e+00 4.403119457104581747e-01 2.439335404865299606e+10 6.108896595134700012e+10 1.314457384680288499e+00
1.122018454301965332e+10 1.559007703769155873e+00 -4.440495315446080782e-01 -2.362084558369764054e+00 4.808226495949260992e-01 3.471147610010576078e-11 3.894691676038027905e-01 8.967858995053158422e-01 3.928687611000100111e-01 2.389156609522415543e+10 6.159075390477584839e+10 1.365371502623860867e+00
1.258925411794171333e+10 1.539973907635268979e+00 -4.317654731880208319e-01 -2.357490689271687589e+00 4.797368848089414439e-01 2.770815358609883004e-11 3.488249866343561267e-01 8.031992142881156926e-01 3.503691332551743809e-01 2.338722153762336349e+10 6.209509846237663269e+10 1.418484911034709972e+00
1.412537544622761154e+10 1.521036353667110319e+00 -4.193919141533357653e-01 -2.352822044009573510e+00 4.784706561426783078e-01 2.211078056059022045e-11 3.123230768274878888e-01 7.191504609010077598e-01 3.123103913754464722e-01 2.288047280565940094e+10 6.260184719434059906e+10 1.473910757037200092e+00
1.584893192461123848e+10 1.502195001977748801e+00 -4.069273731292032958e-01 -2.348017586563213577e+00 4.770169880324811040e-01 1.763984550680775908e-11 2.795727105980556071e-01 6.437399558310213932e-01 2.782381309571458905e-01 2.237145128066759109e+10 6.311086871933241272e+10 1.531773143847367402e+00
1.778279410038937378e+10 1.483449935904002537e+00 -3.943704128951633914e-01 -2.343127634558074490e+00 4.753688043154349896e-01 1.406814123515611081e-11 2.501708589599785926e-01 5.760396905427626058e-01 2.477436397978014515e-01 2.186029663197529221e+10 6.362202336802470398e+10 1.592205654941885262e+00
1.995262314968899155e+10 1.464800896977103584e+00 -3.817193267326348116e-01 -2.338180510358795594e+00 4.735188996655659288e-01 1.121506823350102076e-11 2.237700300610940829e-01 5.152495354775047387e-01 2.204614091472948678e-01 2.134719225647507095e+10 6.413512774352493286e+10 1.655347359232715032e+00
2.238721138568365097e+10 1.446247539758970913e+00 -3.689722984069098155e-01 -2.333184098368056070e+00 4.714599647274578809e-01 8.936671978259328354e-12 2.000671646618072674e-01 4.606716709478625993e-01 1.960633789866607912e-01 2.083234890931655121e+10 6.464997109068344879e+10 1.721344669438658714e+00
2.511886431509613037e+10 1.427789982069187946e+00 -3.561277817212162855e-01 -2.328061430652279995e+00 4.691846683443495203e-01 7.118662980172654390e-12 1.788127295038547671e-01 4.117315253931526087e-01 1.742532990781354985e-01 2.031596434937895203e+10 6.516635565062104797e+10 1.790357102993974436e+00
2.818382931264495468e+10 1.409428743352314495e+00 -3.431844757373935795e-01 -2.322834617808168023e+00 4.666856974452046614e-01 5.668188563197213779e-12 1.597512589770365143e-01 3.678408675075555134e-01 1.547639892556178787e-01 1.979822953576279449e+10 6.568409046423720551e+10 1.862558954410517220e+00
3.162277660168431091e+10 1.391163996057533936e+00 -3.301408039484185486e-01 -2.317549636563312809e+00 4.639556909056926637e-01 4.510997907317956276e-12 1.426502790737811666e-01 3.284644061067290011e-01 1.373563574152608380e-01 1.927937651676364136e+10 6.620294348323635864e+10 1.938133753014044558e+00
3.548133892335818481e+10 1.372995767038865722e+00 -3.169950437795270859e-01 -2.312230942455617999e+00 4.609872779459227576e-01 3.588034608666589624e-12 1.273082720188381256e-01 2.931381293654076736e-01 1.218162940284574780e-01 1.875967927038136292e+10 6.672264072961863708e+10 2.017273912957767479e+00
3.981071705535050964e+10 1.354924300072014809e+00 -3.037455856655151831e-01 -2.306808876054347479e+00 4.577731645364443436e-01 2.852517865754895151e-12 1.135607816489004329e-01 2.614833629735099363e-01 1.079507567199845947e-01 1.823940993294653702e+10 6.724291006705346680e+10 2.100187662946724210e+00
4.466835921509725952e+10 1.336950417573552263e+00 -2.903912125956112367e-01 -2.301264190123321285e+00 4.543062551412675454e-01 2.266662020323345297e-12 1.012480733430212720e-01 2.331323043740086143e-01 9.558536503629667946e-02 1.771882299058550262e+10 6.776349700941449738e+10 2.187104490761602182e+00
5.011872336272837830e+10 1.319074703184389019e+00 -2.769305083591468986e-01 -2.295659882989613543e+00 4.505795591506902009e-01 1.800026757617926210e-12 9.021504311056177672e-02 2.077278134301947521e-01 8.456386209119164110e-02 1.719820573227365494e+10 6.828411426772634888e+10 2.278269329127116105e+00
5.623413251903628540e+10 1.301297501033553905e+00 -2.633618444372105016e-01 -2.290021454078070562e+00 4.465862156956059148e-01 1.428484688081557314e-12 8.032959725099250714e-02 1.849657331563508422e-01 7.474652342652804426e-02 1.667789472312747383e+10 6.880442527687252808e+10 2.373939612993415604e+00
6.309573444802097321e+10 1.283619151013830839e+00 -2.496835499099748501e-01 -2.284309959324306583e+00 4.423195794661997082e-01 1.132885942472860310e-12 7.148027058616356066e-02 1.645894054948809915e-01 6.600764496024728867e-02 1.615823779883103561e+10 6.932408220116896057e+10 2.474392480942129158e+00
7.079457843841575623e+10 1.266040578090705804e+00 -2.358943754126724690e-01 -2.278464227753304261e+00 4.377734283019245054e-01 8.979089799655114705e-13 6.356708771272628899e-02 1.463686285723685421e-01 5.823369410856608919e-02 1.563956292936972427e+10 6.984275707063027954e+10 2.579933745066127937e+00
7.943282347243049622e+10 1.248562684702136494e+00 -2.219930374886336100e-01 -2.272547419090566123e+00 4.329418974701338407e-01 7.111469558371207681e-13 5.648841060596634239e-02 1.300693721882248688e-01 5.132274408955128653e-02 1.512221585845505142e+10 7.036010414154495239e+10 2.690894743819202350e+00
8.912509381337731934e+10 1.231186006410148748e+00 -2.079779376642217625e-01 -2.266586265575464942e+00 4.278194354902640772e-01 5.627747438919619910e-13 5.015735184517050582e-02 1.154915706627470118e-01 4.518372051827701519e-02 1.460659149470083427e+10 7.087572850529916382e+10 2.807626527192601973e+00
1.000000000000032654e+11 1.213910943107094687e+00 -1.938473317150716246e-01 -2.260578313503839532e+00 4.224009109949546925e-01 4.449816274837439003e-13 4.449816274837584129e-02 1.024608062100331729e-01 3.973491109645753416e-02 1.409310955242645454e+10 7.138921044757354736e+10 2.930505796730948465e+00
1.122018454302001953e+11 1.196738326911783945e+00 -1.795997952523397390e-01 -2.254435629034087007e+00 4.166818642726841104e-01 3.515724167769192471e-13 3.944707396472581229e-02 9.083024447341118968e-02 3.490263482937144834e-02 1.358217451063154030e+10 7.190014548936845398e+10 3.059947172806757543e+00
1.258925411794212494e+11 1.179669219508411970e+00 -1.652340767293927204e-01 -2.248193319057927297e+00 4.106585514842834295e-01 2.775313842119175570e-13 3.493913121548061079e-02 8.045032269892860022e-02 3.062062065006296990e-02 1.307418909527990341e+10 7.240813090472009277e+10 3.196406488666311940e+00
1.412537544622807312e+11 1.162704256570975536e+00 -1.507485476223162368e-01 -2.241895832304716674e+00 4.043277980201581689e-01 2.188706536307874502e-13 3.091630156696214410e-02 7.118741511859549842e-02 2.682967720462488270e-02 1.256959946479892731e+10 7.291272053520108032e+10 3.340372124324683334e+00
1.584893192461175842e+11 1.145843869187400665e+00 -1.361413692094929351e-01 -2.235565336294677685e+00 3.976871302390505014e-01 1.724276697403495065e-13 2.732794399634238050e-02 6.292491646815409623e-02 2.347686891495615741e-02 1.206888904403335190e+10 7.341343095596664429e+10 3.492367529215657740e+00
1.778279410038995667e+11 1.129088693134545629e+00 -1.214108411027819412e-01 -2.229110621185282248e+00 3.907350173301618601e-01 1.357061239155837299e-13 2.413234059752830674e-02 5.556676771892370831e-02 2.051457681027922531e-02 1.157253276737448692e+10 7.390978723262551880e+10 3.652967534920709802e+00
1.995262314968964539e+11 1.112439811383745036e+00 -1.065556314677146704e-01 -2.222522852696533491e+00 3.834710947932393199e-01 1.066953066435375442e-13 2.128851245299082789e-02 4.901861142627478990e-02 1.789994233164927256e-02 1.108098719980465126e+10 7.440133280019534302e+10 3.822810668948296797e+00
2.238721138568438416e+11 1.095897962195996778e+00 -9.157408400559809147e-02 -2.215868059531267420e+00 3.758959393736582277e-01 8.378800093813082776e-14 1.875779688585856378e-02 4.319142348678806781e-02 1.559469145882270980e-02 1.059474084761543655e+10 7.488757915238456726e+10 4.002589678449644417e+00
2.511886431509695129e+11 1.079463624816233702e+00 -7.646427407913061747e-02 -2.209176206882378146e+00 3.680111750011759164e-01 6.571519242731606088e-14 1.650691002022238937e-02 3.800856494395812163e-02 1.356469174805406339e-02 1.011432396929389572e+10 7.536799603070610046e+10 4.193049830787050958e+00
2.818382931264587402e+11 1.063137282578399789e+00 -6.122423737899284485e-02 -2.202385109213563119e+00 3.598196825501041585e-01 5.147581358157259569e-14 1.450785543712620335e-02 3.340557166083941293e-02 1.177933833293413196e-02 9.640266740439075470e+09 7.584205325956092834e+10 4.395008317700818345e+00
3.162277660168534546e+11 1.046919965894828275e+00 -4.585248760541448670e-02 -2.195434228533031273e+00 3.513259955952944269e-01 4.027141488073363361e-14 1.273493956207226614e-02 2.932328199580772413e-02 1.021111699151796073e-02 9.173071609048549652e+09 7.630924839095144653e+10 4.609377200413645070e+00
3.548133892335934448e+11 1.030812579604474033e+00 -3.034740345121031760e-02 -2.188402255694329668e+00 3.425360918866519611e-01 3.146097805494734259e-14 1.116277625227957322e-02 2.570324219492688828e-02 8.835453886749600888e-03 8.713254348166292191e+09 7.676906565183370972e+10 4.837159171028930338e+00
3.981071705535180664e+11 1.014815685598072781e+00 -1.470700546042091883e-02 -2.181317620413870007e+00 3.334573587742911682e-01 2.454035264253688043e-14 9.769690354905907759e-03 2.249554337437405238e-02 7.630484247517082229e-03 8.261367058158545494e+09 7.722095294184146118e+10 5.079441543414175975e+00
4.466835921509872437e+11 9.989297275868254111e-01 1.070845563681812988e-03 -2.174164517662721341e+00 3.240987937199145685e-01 1.911155406059172571e-14 8.536817619372898819e-03 1.965674899197695710e-02 6.576676938358311242e-03 7.817967448843983650e+09 7.766435255115602112e+10 5.337417358551200586e+00
5.011872336273001709e+11 9.831556229472870889e-01 1.698785707513432094e-02 -2.166843453835149091e+00 3.144714589250050540e-01 1.486048201740719176e-14 7.447883872672551170e-03 1.714938637956658213e-02 5.656523554069726838e-03 7.383582429650804520e+09 7.809873757034919739e+10 5.612419609613817251e+00
5.623413251903812256e+11 9.674944332482910969e-01 3.304560784328935269e-02 -2.159410016065619775e+00 3.045884133658189330e-01 1.153513388316810113e-14 6.486682474109217722e-03 1.493613836786962003e-02 4.854385435383825470e-03 6.958725895625922203e+09 7.852359410437408447e+10 5.905933890852444357e+00
6.309573444802304688e+11 9.519468036389699961e-01 4.924612428252863466e-02 -2.151910507276500795e+00 2.944644408747638109e-01 8.937161174696930727e-15 5.638967481978592391e-03 1.298420246388207883e-02 4.156376914590036338e-03 6.543933751880438805e+09 7.893838624811956787e+10 6.219589074619880087e+00
7.079457843841807861e+11 9.365131931397048248e-01 6.559166948798295094e-02 -2.144365808024451425e+00 2.841162395179426259e-01 6.910496303292264102e-15 4.892256725918223310e-03 1.126483740819915827e-02 3.550150917788007666e-03 6.139749450337627411e+09 7.934257054966236877e+10 6.555176578124449094e+00
7.943282347243309326e+11 9.211943355837827196e-01 8.208426000828646096e-02 -2.136660322737715223e+00 2.735627886174201162e-01 5.332904086240560681e-15 4.236076288777635562e-03 9.753926115324924526e-03 3.024681829699907721e-03 5.746681623644494057e+09 7.973563837635549927e+10 6.914701458109033361e+00
8.912509381338023682e+11 9.059913513774336957e-01 9.872551892574299437e-02 -2.128802328635515551e+00 2.628254998202473880e-01 4.106853916439447265e-15 3.660237405805137970e-03 8.428008087426108741e-03 2.570133474631133928e-03 5.365199397961111069e+09 8.011712060203889465e+10 7.300424388847888579e+00
1.000000000000065430e+12 8.909049819705169293e-01 1.155174992063895401e-01 -2.120865535879139507e+00 2.519277140409706961e-01 3.155413663468439038e-15 3.155413663468645616e-03 7.265608463732634546e-03 2.177793060852166972e-03 4.995772433504839897e+09 8.048654756649516296e+10 7.714855512063063969e+00
1.122018454302038818e+12 8.759357316118651093e-01 1.324625564770231800e-01 -2.112887432335333493e+00 2.408947777301050086e-01 2.418416889537464157e-15 2.713508380256769974e-03 6.248083946093657172e-03 1.839950750606511110e-03 4.638870584622879028e+09 8.084344941537712097e+10 8.160772426160530557e+00
1.258925411794253662e+12 8.610841639952820925e-01 1.495630278854469808e-01 -2.104775670440982349e+00 2.297542282970919392e-01 1.848929872696622273e-15 2.327664801363292253e-03 5.359646273106063834e-03 1.549757495126519342e-03 4.294924075048205853e+09 8.118739592495179749e+10 8.641293408611446125e+00
1.412537544622853760e+12 8.463513735948741123e-01 1.668206703851835282e-01 -2.096473625267849528e+00 2.185361082228690077e-01 1.409902528238182934e-15 1.991540255395116490e-03 4.585690904170350475e-03 1.301124065694610199e-03 3.964302688507763863e+09 8.151801731149223328e+10 9.159963928436276603e+00
1.584893192461227539e+12 8.317382455222196436e-01 1.842374964079748212e-01 -2.088078944657067559e+00 2.072723291332281281e-01 1.072071179302777979e-15 1.699118313910852936e-03 3.912364500844307640e-03 1.088672680569244570e-03 3.647349177657983780e+09 8.183497082234201050e+10 9.720775018163605452e+00
1.778279410039053711e+12 8.172453420987957351e-01 2.018159328754960680e-01 -2.079627027751534740e+00 1.959964435719087905e-01 8.127127960615269657e-16 1.445230431511481967e-03 3.327766047539690731e-03 9.076694168596453807e-04 3.344389734968435287e+09 8.213793026503157043e+10 1.032818715666089027e+01
1.995262314969029785e+12 8.028731237288331268e-01 2.195585803474895681e-01 -2.071079542066212476e+00 1.847436419135558006e-01 6.141480516837545635e-16 1.225386463336247374e-03 2.821556603634738352e-03 7.539363505802852607e-04 3.055703649854654789e+09 8.242661635014533997e+10 1.098723564452224366e+01
2.238721138568511719e+12 7.886225569569829119e-01 2.374674541473069944e-01 -2.062321854699925794e+00 1.735510230846236401e-01 4.626004193979032812e-16 1.035633337616745104e-03 2.384633885003987347e-03 6.237815883643176712e-04 2.781496753682416439e+09 8.270082324631758118e+10 1.170368118098083166e+01
2.511886431509777344e+12 7.744946608970978419e-01 2.555445127615018075e-01 -2.053438227143082884e+00 1.624569855646660343e-01 3.472261316311345278e-16 8.721926087098747556e-04 2.008297699034946281e-03 5.139582987633448076e-04 2.521918103013833523e+09 8.296040189698616028e+10 1.248410383978632332e+01
2.818382931264679688e+12 7.604900426833610672e-01 2.737922604870310361e-01 -2.044479111325679277e+00 1.515005530762442432e-01 2.596446952237075000e-16 7.317781772119171099e-04 1.684981522226515612e-03 4.216263182318086668e-04 2.277079630454390049e+09 8.320524036954560852e+10 1.333595422066442104e+01
3.162277660168638184e+12 7.466091327003353539e-01 2.922134801891991818e-01 -2.035459750593500594e+00 1.407212098386683985e-01 1.933770654580963935e-16 6.115119740871066776e-04 1.408058355720333190e-03 3.443003212831378100e-04 2.047039764348196507e+09 8.343528023565180969e+10 1.426770728062663807e+01
3.548133892336050781e+12 7.328527066852005278e-01 3.108105431470178370e-01 -2.026232451287068859e+00 1.301589102555298638e-01 1.434347072292619128e-16 5.089255460574429934e-04 1.171844375795722893e-03 2.798027529952366952e-04 1.831776458627887726e+09 8.365054354137211609e+10 1.528912644000270049e+01
3.981071705535311035e+12 7.192218602429730767e-01 3.295854010656103505e-01 -2.016829734994475487e+00 1.198535992171905068e-01 1.059265593100556635e-16 4.217012281339705564e-04 9.710029615985619512e-04 2.262315695603797855e-04 1.631189129560008287e+09 8.385113087043998718e+10 1.641152469057591290e+01
4.466835921510018555e+12 7.057172729659074717e-01 3.485405849167988457e-01 -2.007337076339887449e+00 1.098441566366812339e-01 7.785810155916820274e-17 3.477793648250677170e-04 8.007915810971387481e-04 1.819367059929874605e-04 1.445123204147545815e+09 8.403719679585244751e+10 1.764790771949103032e+01
5.011872336273166016e+12 6.923393934021830898e-01 3.676789907038488514e-01 -1.997800857747413561e+00 1.001680336280542927e-01 5.693878886641163971e-17 2.853699407804670364e-04 6.570885716296970356e-04 1.454897021748167204e-04 1.273366988279555798e+09 8.420895301172044373e+10 1.901323057905792524e+01
5.623413251903997070e+12 6.790887895628687776e-01 3.870033947841436950e-01 -1.988084670284960165e+00 9.086096876116694920e-02 4.142348065756826920e-17 2.329413500697583017e-04 5.363672802125330234e-04 1.156533058787611072e-04 1.115630515627881765e+09 8.436668948437211609e+10 2.052488108175525738e+01
6.309573444802510742e+12 6.659665391912212851e-01 4.065158511585147405e-01 -1.978140347352795425e+00 8.195666936699798344e-02 2.997095644810524977e-17 1.891039509202974557e-04 4.354279384153545958e-04 9.135842541306401696e-05 9.715410299082452059e+08 8.451077897009175110e+10 2.220327977825483501e+01
7.079457843842039062e+12 6.529734301921826800e-01 4.262188393663173258e-01 -1.968091133405163395e+00 7.348565716074929866e-02 2.155603978482745571e-17 1.526050749368677937e-04 3.513861706648710968e-04 7.168807268605846138e-05 8.406663264212042093e+08 8.464165367357879639e+10 2.407230616952158542e+01
7.943282347243568359e+12 6.401099418689429887e-01 4.461153332114070613e-01 -1.957987405193825525e+00 6.547472315243585417e-02 1.540535423839566742e-17 1.223690783748821798e-04 2.817652157094237492e-04 5.585928802670115799e-05 7.225222202676302195e+08 8.475979777973237610e+10 2.615982702572128815e+01
8.912509381338316406e+12 6.273764805849312287e-01 4.662084710418125666e-01 -1.947753096906689407e+00 5.794656939442258126e-02 1.093630052277467459e-17 9.746988100636441721e-05 2.244326950211581882e-04 4.320434025843666241e-05 6.165622411709542274e+08 8.486575775882904053e+10 2.849864473364644368e+01
1.000000000000098242e+13 6.147739969482515221e-01 4.865005633516347183e-01 -1.937254093783672859e+00 5.091966138460459618e-02 7.709744711044354452e-18 7.709744711045111770e-05 1.775234324244216158e-04 3.315543707229720864e-05 5.221749205684669614e+08 8.496014507943153381e+10 3.112779905371215250e+01
1.122018454302075391e+13 6.023034000609253091e-01 5.069939738198459001e-01 -1.926618100836566150e+00 4.440740432092713658e-02 5.394295161028101200e-18 6.052498718625914866e-05 1.393639332487359541e-04 2.523325293046830463e-05 4.387018362200564742e+08 8.504361816377993774e+10 3.409381390844338000e+01
1.258925411794294922e+13 5.899651846595238558e-01 5.276917528751290387e-01 -1.915904314981551559e+00 3.841762165827915937e-02 3.743890525623037848e-18 4.713278921682742442e-05 1.085272578418973417e-04 1.903597315320249833e-05 3.654526792853766680e+08 8.511686732071463013e+10 3.745199632712795790e+01
1.412537544622899805e+13 5.777596687124232355e-01 5.485972948531412374e-01 -1.905113749448799521e+00 3.295248633624925372e-02 2.576215807332717148e-18 3.639001550908457875e-05 8.379110724504029305e-05 1.422801402602907677e-05 3.017062273707120419e+08 8.518061377262928772e+10 4.126848936379041533e+01
1.584893192461279492e+13 5.656875875045545010e-01 5.697133187076671712e-01 -1.894052208304947360e+00 2.800866183611859170e-02 1.756920199419687058e-18 2.784530863757975585e-05 6.411619257870949712e-05 1.053033153043534659e-05 2.467123768622931838e+08 8.523560762313771057e+10 4.562322540807447524e+01
1.778279410039111719e+13 5.537499224159684319e-01 5.910420977294047473e-01 -1.882791342795341993e+00 2.357717240475563913e-02 1.186727651083119806e-18 2.110333347245191019e-05 4.859222106615004378e-05 7.712621189313869922e-06 1.997054110236592591e+08 8.528261458897633362e+10 5.061345677792717623e+01
1.995262314969094922e+13 5.419471972515004232e-01 6.125867043335286866e-01 -1.871435453428292650e+00 1.964329312452450446e-02 7.933516885548626884e-19 1.582944726690615643e-05 3.644864930711345469e-05 5.586599429982290931e-06 1.599216203726566136e+08 8.532239837962734985e+10 5.635738356211474098e+01
2.238721138568585156e+13 5.302797000116904469e-01 6.343506757684572728e-01 -1.860042164677954801e+00 1.618701006775180931e-02 5.245422500966433211e-19 1.174303823363684865e-05 2.703934478323133991e-05 3.999399577723677673e-06 1.266070780893387198e+08 8.535571292191065979e+10 6.299920482964077451e+01
2.511886431509859375e+13 5.187479092320610441e-01 6.563372378413779851e-01 -1.848405401584420016e+00 1.318362956903654064e-02 3.428148773580073457e-19 8.611120389552952186e-06 1.982783744296170872e-05 2.827720022068856200e-06 9.902237094473312795e+07 8.538329762905526733e+10 7.071657162323820955e+01
2.818382931264771875e+13 5.073527885153550354e-01 6.785486820361091853e-01 -1.836496373149914874e+00 1.060441264538474794e-02 2.212989790764780926e-19 6.237052653354657834e-06 1.436134446383339495e-05 1.972990474398982124e-06 7.645210995822308958e+07 8.540586789004177856e+10 7.973059477128715855e+01
3.162277660168741406e+13 4.960949280955764817e-01 7.009879832799517096e-01 -1.824475627129873878e+00 8.417081327396424076e-03 1.409672447982275396e-19 4.457775690409731463e-06 1.026440785264868794e-05 1.357346666486932762e-06 5.821844101967980713e+07 8.542410155898031616e+10 9.031704913899341136e+01
3.548133892336166406e+13 4.849746085262718331e-01 7.236587429692276086e-01 -1.812420619529421462e+00 6.586732412336862227e-03 8.852332521536125254e-20 3.140926104589200463e-06 7.232249626622950592e-06 9.199302295051437050e-07 4.368846660334286094e+07 8.543863153339665222e+10 1.028209715641870474e+02
3.981071705535441406e+13 4.739920739845233655e-01 7.465646789785056470e-01 -1.800188392654319625e+00 5.076827070853695209e-03 5.475584427767035458e-20 2.179869423665381460e-06 5.019334839605429734e-06 6.136406178494355521e-07 3.227763612118843198e+07 8.545004236387881470e+10 1.176780058991307243e+02
4.466835921510164844e+13 4.631481527439872958e-01 7.697082917517034106e-01 -1.787619863136048703e+00 3.850199809186637297e-03 3.333090691095340804e-20 1.488836922863580941e-06 3.428173704484807739e-06 4.024529042471805258e-07 2.345378078145578131e+07 8.545886621921855164e+10 1.354445843396725593e+02
5.011872336273329688e+13 4.524435256123970905e-01 7.930923289074534033e-01 -1.774911308148685807e+00 2.869872642522424029e-03 1.994137982038502466e-20 9.994364986890693064e-07 2.301287583275614200e-06 2.592163720531705702e-07 1.674206852525639161e+07 8.546557793147474670e+10 1.568360360971190630e+02
5.623413251904180469e+13 4.418784485430300446e-01 8.167204380210916215e-01 -1.762141088260767763e+00 2.099948352320209384e-03 1.171129204718619621e-20 6.585743489506689603e-07 1.516423478522069220e-06 1.637735955082288818e-07 1.172675965999441408e+07 8.547059324034001160e+10 1.827758050383310433e+02
6.309573444802717188e+13 4.314529988960220108e-01 8.405966993137173882e-01 -1.749279360065615130e+00 1.506454926167981453e-03 6.742819107091653795e-21 4.254431238121386602e-07 9.796189948066506351e-07 1.013725336750111342e-07 8.049646189925426617e+06 8.547427035381007385e+10 2.144667149306930014e+02
7.079457843842270312e+13 4.211677541253784907e-01 8.647240588101864356e-01 -1.736058377016715948e+00 1.058041940563140193e-03 3.801499601784203034e-21 2.691255617421444534e-07 6.196845066111105425e-07 6.138994613956727155e-08 5.407644105752456002e+06 8.547691235589424133e+10 2.534939405573363160e+02
7.943282347243828125e+13 4.110234566307986448e-01 8.891049940200519419e-01 -1.722620211402029478e+00 7.264450793407623008e-04 2.095308026615916987e-21 1.664362325985651397e-07 3.832335881155457397e-07 3.631699377140097302e-08 3.549853371656293981e+06 8.547877014662834167e+10 3.019697013692903624e+02
8.912509381338607812e+13 4.010203399630195564e-01 9.137431298621414566e-01 -1.709099299495762114e+00 4.868007263497039225e-04 1.127117269721372002e-21 1.004544324026048575e-07 2.313048785754160036e-07 2.095353210412699098e-08 2.273443497755821794e+06 8.548004655650224304e+10 3.627278647804958496e+02
1.000000000000130938e+14 3.911583827521679102e-01 9.386427300384598826e-01 -1.695566956365232025e+00 3.178207966314009446e-04 5.906485657263126748e-22 5.906485657263899990e-08 1.360018582639899579e-07 1.177086368314188331e-08 1.418062127032610588e+06 8.548090193787297058e+10 4.396062820361438526e+02
1.122018454302112188e+14 3.814378454135145535e-01 9.638073631205281711e-01 -1.681700427478896254e+00 2.017778177242196254e-04 3.010319432060961536e-22 3.377633956116652373e-08 7.777289596944709569e-08 6.426494827305979465e-09 8.599009200669986894e+05 8.548146009907992554e+10 5.378674701259774338e+02
1.258925411794336094e+14 3.718594453075076411e-01 9.892393313015647172e-01 -1.667511783764589417e+00 1.243214019663864639e-04 1.489135874062325217e-22 1.874710993471631306e-08 4.316681587239836391e-08 3.403002031259855713e-09 5.058848551413817331e+05 8.548181411514485168e+10 6.648330444617779449e+02
1.412537544622946250e+14 3.624234285798442201e-01 1.014942058503801814e+00 -1.653223400205274585e+00 7.417212529266783625e-05 7.132821161450436839e-23 1.007537768962979103e-08 2.319941447442634777e-08 1.743846272589244952e-09 2.881002416253685369e+05 8.548203189975837708e+10 8.308014915061156671e+02
1.584893192461331250e+14 3.531297127842903394e-01 1.040919831232674619e+00 -1.638958589826339241e+00 4.274762423235791152e-05 3.299957693827437511e-23 5.230080484357499646e-09 1.204270535844065875e-08 8.627932767675733877e-10 1.584591273758530151e+05 8.548216154087261963e+10 1.050423467885746504e+03
1.778279410039170000e+14 3.439782329438160757e-01 1.067176899936886025e+00 -1.624450613696194701e+00 2.373703494481396270e-05 1.471050922428670676e-23 2.615939566474033361e-09 6.023423449936416004e-09 4.111400565581483593e-10 8.396479827490526077e+04 8.548223603520172119e+10 1.344838301786884358e+03
1.995262314969160312e+14 3.349695520600216025e-01 1.093715640660829935e+00 -1.609509929309413279e+00 1.266412274564283219e-05 6.301849878349209127e-24 1.257384357686316517e-09 2.895234478172405897e-09 1.881736083554287527e-10 4.274459290924084780e+04 8.548227725540708923e+10 1.745073656030493567e+03
2.238721138568658125e+14 3.261039628842426485e-01 1.120539043901786602e+00 -1.594445377194554148e+00 6.472051412972019198e-06 2.585917924557218959e-24 5.789149120309838716e-10 1.333000846554502936e-09 8.246772523725649195e-11 2.084216935872023168e+04 8.548229915783064270e+10 2.297410817135541492e+03
2.511886431509941875e+14 3.173813078625302708e-01 1.147651364046396116e+00 -1.579380900543443378e+00 3.157806280513377336e-06 1.012950407443324056e-24 2.544416384249352737e-10 5.858735236742369464e-10 3.449586598153819652e-11 9.702507039695989079e+03 8.548231029749296570e+10 3.071927647971812803e+03
2.818382931264864375e+14 3.088012445298090602e-01 1.175057430626525123e+00 -1.564212754033217134e+00 1.465658057529567119e-06 3.774398936476627103e-25 1.063770153834998289e-10 2.449421298592449934e-10 1.372547464320123204e-11 4.297535858093029674e+03 8.548231570246414185e+10 4.176612744970421772e+03
3.162277660168845000e+14 3.003640393300854861e-01 1.202760075545217910e+00 -1.548550389255370252e+00 6.446131157787284983e-07 1.332987727723113061e-25 4.215277312658031090e-11 9.706034702962384391e-11 5.175412720979546809e-12 1.804354645485608216e+03 8.548231819564535522e+10 5.781204565968228053e+03
3.548133892336283125e+14 2.920700218957193450e-01 1.230761704448784855e+00 -1.532669931229382332e+00 2.675233984308118565e-07 4.442369104841388527e-26 1.576212038315532482e-11 3.629362342823105003e-11 1.841563459533188355e-12 7.150886393320834031e+02 8.548231928491136169e+10 8.158389524438775879e+03
3.981071705535571875e+14 2.839189448687321482e-01 1.259066486948589025e+00 -1.516760497517411821e+00 1.042831724865855907e-07 1.390434605714896973e-26 5.535419867209085687e-12 1.274577526969872177e-11 6.155784920849492701e-13 2.662974377003118889e+02 8.548231973370256042e+10 1.175543905261947293e+04
4.466835921510310625e+14 2.759102772087467792e-01 1.287679548692786557e+00 -1.500900254060625105e+00 3.798893203210097547e-08 4.066424049646834824e-27 1.816404901705590904e-12 4.182426849508608450e-12 1.923734391047677815e-13 9.273728824584551944e+01 8.548231990726271057e+10 1.732280820521218629e+04
5.011872336273493750e+14 2.680438918270373061e-01 1.316604536406999371e+00 -1.484558858911213086e+00 1.286223994254286836e-08 1.105555960396505599e-27 5.540905334113520754e-13 1.275840602402098659e-12 5.591675280700067430e-14 3.004587646797619271e+01 8.548231996995411682e+10 2.615086260454506555e+04
5.623413251904365000e+14 2.603200883308007252e-01 1.345843296195238015e+00 -1.467838618894322877e+00 4.023818301428783430e-09 2.777588613825142688e-28 1.561952861932298342e-13 3.596529375844697279e-13 1.502941430733664132e-14 9.003808178045213495e+00 8.548231999099618530e+10 4.052154363958971226e+04
6.309573444802923750e+14 2.527385811977863050e-01 1.375399600350249329e+00 -1.451073882835998585e+00 1.155595652949226943e-09 6.405627090550052794e-29 4.041677458784482706e-14 9.306306267287207445e-14 3.711514300903142642e-15 2.479644867466180180e+00 8.548231999752035522e+10 6.458767043422189454e+04
7.079457843842502500e+14 2.452987237161504408e-01 1.405278530682103399e+00 -1.434466490210483780e+00 3.024962979731617739e-10 1.346193477739868724e-29 9.530319975315130822e-15 2.194437270662400266e-14 8.363284164157526065e-16 6.232886414189470203e-01 8.548231999937670898e+10 1.061388510832570319e+05
7.943282347244088750e+14 2.379999731058358159e-01 1.435484718311358598e+00 -1.417503952382755505e+00 7.161478536703725508e-11 2.559000547139616449e-30 2.032686387268207977e-15 4.680433374055697597e-15 1.707082643987629399e-16 1.419579782096957732e-01 8.548231999985804749e+10 1.802665516193475050e+05
8.912509381338898750e+14 2.308424819527846172e-01 1.466019697365666952e+00 -1.399969460211239358e+00 1.520653822081305987e-11 4.363989329814839253e-31 3.889409584203760881e-16 8.955696529135750609e-16 3.130818872453172123e-17 2.905853638263783401e-02 8.548231999997094727e+10 3.172834011234491481e+05
