# [1] m:            [M_sun/h] 
# [2] sigma 
# [3] ln(1/sigma) 
# [4] n_eff 
# [5] f(sigma) 
# [6] dn/dm:        [h^4/(Mpc^3*M_sun)] 
# [7] dn/dlnm:      [h^3/Mpc^3] 
# [8] dn/dlog10m:   [h^3/Mpc^3] 
# [9] n(>m):        [h^3/Mpc^3] 
# [11] rho(>m):     [M_sun*h^2/Mpc^3] 
# [11] rho(<m):     [M_sun*h^2/Mpc^3] 
# [12] Lbox(N=1):   [Mpc/h]
1.000000000000000000e+10 1.578138413658251027e+00 -4.562459331893071734e-01 -2.366626478989699578e+00 3.086114425329120059e-01 2.784819028653465808e-11 2.784819028653465756e-01 6.412282782063628561e-01 2.914906224429227866e-01 1.980558751675077820e+10 6.567673248324922180e+10 1.508198382887185662e+00
1.122018454301965332e+10 1.559007703769155873e+00 -4.440495315446080782e-01 -2.362084558369764054e+00 3.085004472506325812e-01 2.227121769457774018e-11 2.498871725309269598e-01 5.753864784001436750e-01 2.610752535277602315e-01 1.948388188541899490e+10 6.599843811458100891e+10 1.564629198169445790e+00
1.258925411794171333e+10 1.539973907635268979e+00 -4.317654731880208319e-01 -2.357490689271687589e+00 3.083499123313598878e-01 1.780935967127076341e-11 2.242065545794505455e-01 5.162546703261987613e-01 2.337842248096017594e-01 1.916000179278103256e+10 6.632231820721896362e+10 1.623285586366326250e+00
1.412537544622761154e+10 1.521036353667110319e+00 -4.193919141533357653e-01 -2.352822044009573510e+00 3.081568540481881002e-01 1.424034784709874920e-11 2.011502598251488916e-01 4.631655897252669463e-01 2.092987183083152292e-01 1.883396056570719528e+10 6.664835943429280090e+10 1.684267791769411993e+00
1.584893192461123848e+10 1.502195001977748801e+00 -4.069273731292032958e-01 -2.348017586563213577e+00 3.079181161285255430e-01 1.138665526286168630e-11 1.804663241101111537e-01 4.155390676833738972e-01 1.873311018730993149e-01 1.850575460959786987e+10 6.697656539040213013e+10 1.747685853105262366e+00
1.778279410038937378e+10 1.483449935904002537e+00 -3.943704128951633914e-01 -2.343127634558074490e+00 3.076303609900002956e-01 9.104062629565492311e-12 1.618956712186126190e-01 3.727785591682425959e-01 1.676231612018089789e-01 1.817538224063639832e+10 6.730693775936360168e+10 1.813657701520914545e+00
1.995262314968899155e+10 1.464800896977103584e+00 -3.817193267326348116e-01 -2.338180510358795594e+00 3.072900545757611956e-01 7.278017692593541932e-12 1.452155442970879673e-01 3.343711475694912671e-01 1.499444185333657087e-01 1.784286659407860565e+10 6.763945340592139435e+10 1.882304578148711327e+00
2.238721138568365097e+10 1.446247539758970913e+00 -3.689722984069098155e-01 -2.333184098368056070e+00 3.068934591652084931e-01 5.817262083787412055e-12 1.302322759556713561e-01 2.998708972422157726e-01 1.340883674130730896e-01 1.750824522746462631e+10 6.797407477253536987e+10 1.953752884916636123e+00
2.511886431509613037e+10 1.427789982069187946e+00 -3.561277817212162855e-01 -2.328061430652279995e+00 3.064366382046093684e-01 4.649382853564816998e-12 1.167872170476290938e-01 2.689125050261308436e-01 1.198687823563645005e-01 1.717154398018062592e+10 6.831077601981937408e+10 2.028140178624478374e+00
2.818382931264495468e+10 1.409428743352314495e+00 -3.431844757373935795e-01 -2.322834617808168023e+00 3.059154548032060883e-01 3.715533798685572640e-12 1.047179703875174978e-01 2.411220375828897200e-01 1.071179187911390357e-01 1.683278100325219536e+10 6.864953899674780273e+10 2.105616578227671454e+00
3.162277660168431091e+10 1.391163996057533936e+00 -3.301408039484185486e-01 -2.317549636563312809e+00 3.053255472757195887e-01 2.968651816993115147e-12 9.387701321695750278e-02 2.161598112081713763e-01 9.568587257136255964e-02 1.649199810898090744e+10 6.899032189101908875e+10 2.186338451198609700e+00
3.548133892335818481e+10 1.372995767038865722e+00 -3.169950437795270859e-01 -2.312230942455617999e+00 3.046623241224341028e-01 2.371299632777121816e-12 8.413688595939985970e-02 1.937323393810541639e-01 8.543856880663196207e-02 1.614926170362859726e+10 6.933305829637139893e+10 2.270467789478746390e+00
3.981071705535050964e+10 1.354924300072014809e+00 -3.037455856655151831e-01 -2.306808876054347479e+00 3.039209706760458429e-01 1.893820052795976827e-12 7.539433427560959800e-02 1.736018701992287083e-01 7.625521356712493259e-02 1.580463426040921402e+10 6.967768573959078979e+10 2.358179281496004975e+00
4.466835921509725952e+10 1.336950417573552263e+00 -2.903912125956112367e-01 -2.301264190123321285e+00 3.030964666030663834e-01 1.512233744458887979e-12 6.754900011468120691e-02 1.555373207107180467e-01 6.802673379437629286e-02 1.545816396421818161e+10 7.002415603578181458e+10 2.449665543409899726e+00
5.011872336272837830e+10 1.319074703184389019e+00 -2.769305083591468986e-01 -2.295659882989613543e+00 3.021835536416827006e-01 1.207197422120935550e-12 6.050319364347800377e-02 1.393137517620045562e-01 6.065545698255826040e-02 1.510991835676708603e+10 7.037240164323291016e+10 2.545130411390757796e+00
5.623413251903628540e+10 1.301297501033553905e+00 -2.633618444372105016e-01 -2.290021454078070562e+00 3.011767281155543485e-01 9.633668245882778663e-13 5.417409767834040213e-02 1.247404697405499613e-01 5.405410144499442349e-02 1.475999586949057198e+10 7.072232413050942993e+10 2.644785463424296879e+00
6.309573444802097321e+10 1.283619151013830839e+00 -2.496835499099748501e-01 -2.284309959324306583e+00 3.000702490440711467e-01 7.685514787896377409e-13 4.849232001534480724e-02 1.116576931920297555e-01 4.814414737167995589e-02 1.440850096287557793e+10 7.107381903712442017e+10 2.748857120305245871e+00
7.079457843841575623e+10 1.266040578090705804e+00 -2.358943754126724690e-01 -2.278464227753304261e+00 2.988581813090190331e-01 6.129824867955548366e-13 4.339583674282306014e-02 9.992260678202767588e-02 4.285463987232854266e-02 1.405552338831747627e+10 7.142679661168252563e+10 2.857595259212804883e+00
7.943282347243049622e+10 1.248562684702136494e+00 -2.219930374886336100e-01 -2.272547419090566123e+00 2.975343705493090907e-01 4.887276170531669251e-13 3.882101453148582154e-02 8.938868935510448088e-02 3.812185746890026095e-02 1.370116401817804909e+10 7.178115598182194519e+10 2.971269070950387725e+00
8.912509381337731934e+10 1.231186006410148748e+00 -2.079779376642217625e-01 -2.266586265575464942e+00 2.960924198500810567e-01 3.894945435532294005e-13 3.471373773398014895e-02 7.993133502836760607e-02 3.388885685931347647e-02 1.334555692530285835e+10 7.213676307469714355e+10 3.090160428845450280e+00
1.000000000000032654e+11 1.213910943107094687e+00 -1.938473317150716246e-01 -2.260578313503839532e+00 2.945257070805029631e-01 3.102704683183036246e-13 3.102704683183137718e-02 7.144241551460306372e-02 3.010451309573922499e-02 1.298885369319055176e+10 7.249346630680944824e+10 3.214569335297278396e+00
1.122018454302001953e+11 1.196738326911783945e+00 -1.795997952523397390e-01 -2.254435629034087007e+00 2.928274490111915096e-01 2.470711177391496132e-13 2.772183536283485961e-02 6.383188485689873792e-02 2.672265558645169417e-02 1.263119627244823837e+10 7.285112372755175781e+10 3.344825472255236409e+00
1.258925411794212494e+11 1.179669219508411970e+00 -1.652340767293927204e-01 -2.248193319057927297e+00 2.909907118501009471e-01 1.966574292941773582e-13 2.475770351565634644e-02 5.700671905191658645e-02 2.370169048873132372e-02 1.227272687234876060e+10 7.320959312765124512e+10 3.481290186233942485e+00
1.412537544622807312e+11 1.162704256570975536e+00 -1.507485476223162368e-01 -2.241895832304716674e+00 2.890083622868146462e-01 1.564459566426468878e-13 2.209857874621706103e-02 5.088385799739445631e-02 2.100442606249855806e-02 1.191362045461364746e+10 7.356869954538635254e+10 3.624346632900993903e+00
1.584893192461175842e+11 1.145843869187400665e+00 -1.361413692094929351e-01 -2.235565336294677685e+00 2.868731006480300660e-01 1.243813452705777759e-13 1.971311473885017929e-02 4.539112413415763436e-02 1.859755150920976499e-02 1.155408184592624474e+10 7.392823815407376099e+10 3.774401330104040664e+00
1.778279410038995667e+11 1.129088693134545629e+00 -1.214108411027819412e-01 -2.229110621185282248e+00 2.845775360958130440e-01 9.883658403817395864e-14 1.757590623536735980e-02 4.047001969341798566e-02 1.645102291352038351e-02 1.119431412996858597e+10 7.428800587003141785e+10 3.931899097860553471e+00
1.995262314968964539e+11 1.112439811383745036e+00 -1.065556314677146704e-01 -2.222522852696533491e+00 2.821142671678315006e-01 7.849422981989862262e-14 1.566165787021568667e-02 3.606229994353151586e-02 1.453771492259665725e-02 1.083451225293580246e+10 7.464780774706419373e+10 4.097333211004339226e+00
2.238721138568438416e+11 1.095897962195996778e+00 -9.157408400559809147e-02 -2.215868059531267420e+00 2.794758158698676942e-01 6.229575121590243083e-14 1.394628150900412665e-02 3.211249990533140974e-02 1.283334492637509122e-02 1.047490055188885880e+10 7.500741944811114502e+10 4.271234124734236026e+00
2.511886431509695129e+11 1.079463624816233702e+00 -7.646427407913061747e-02 -2.209176206882378146e+00 2.766546690505206629e-01 4.940180094398577064e-14 1.240917134833407001e-02 2.857317296308285390e-02 1.131620310466474079e-02 1.011574180733513641e+10 7.536657819266485596e+10 4.454166242339496762e+00
2.818382931264587402e+11 1.063137282578399789e+00 -6.122423737899284485e-02 -2.202385109213563119e+00 2.736433639930502260e-01 3.914742710268279141e-14 1.103324403491258779e-02 2.540498324215520465e-02 9.966749199533794443e-03 9.757307965810386658e+09 7.572501203418960571e+10 4.646744818689588108e+00
3.162277660168534546e+11 1.046919965894828275e+00 -4.585248760541448670e-02 -2.195434228533031273e+00 2.704346578154237513e-01 3.099909041618334906e-14 9.802773110864112030e-03 2.257171923507857517e-02 8.767331637602954544e-03 9.399860429241792679e+09 7.608245957075820923e+10 4.849655119542733317e+00
3.548133892335934448e+11 1.030812579604474033e+00 -3.034740345121031760e-02 -2.188402255694329668e+00 2.670214850693640729e-01 2.452517349543005804e-14 8.701859929455435516e-03 2.003677295488630675e-02 7.702119332853836833e-03 9.043682437484399796e+09 7.643863756251559448e+10 5.063645018336711878e+00
3.981071705535180664e+11 1.014815685598072781e+00 -1.470700546042091883e-02 -2.181317620413870007e+00 2.633969748785736087e-01 1.938435148727020289e-14 7.717049323612020124e-03 1.776916273444882274e-02 6.756970940620462759e-03 8.689098776965810776e+09 7.679322122303419495e+10 5.289516582115896703e+00
4.466835921509872437e+11 9.989297275868254111e-01 1.070845563681812988e-03 -2.174164517662721341e+00 2.595545656267134738e-01 1.530549082183620076e-14 6.836711619931760096e-03 1.574211026115404644e-02 5.919189115730394933e-03 8.336454440495671272e+09 7.714586555950433350e+10 5.528142907586754085e+00
5.011872336273001709e+11 9.831556229472870889e-01 1.698785707513432094e-02 -2.166843453835149091e+00 2.554882450088826751e-01 1.207320525554865480e-14 6.050936343043012214e-03 1.393279582214674607e-02 5.177316463647878286e-03 7.986087396638548851e+09 7.749623260336145020e+10 5.780495879969095974e+00
5.623413251903812256e+11 9.674944332482910969e-01 3.304560784328935269e-02 -2.159410016065619775e+00 2.511925975318727300e-01 9.512969357474831548e-15 5.349535794977886352e-03 1.231776137595413413e-02 4.521052533695358970e-03 7.638344255380333900e+09 7.784397574461965942e+10 6.047652318895366363e+00
6.309573444802304688e+11 9.519468036389699961e-01 4.924612428252863466e-02 -2.151910507276500795e+00 2.466627618661898225e-01 7.486353367643424814e-15 4.723569640688925902e-03 1.087642104036956256e-02 3.941197973287268938e-03 7.293610655564999580e+09 7.818870934443499756e+10 6.330780408995324571e+00
7.079457843841807861e+11 9.365131931397048248e-01 6.559166948798295094e-02 -2.144365808024451425e+00 2.418945899766345720e-01 5.883548482325892680e-15 4.165233345282560312e-03 9.590804209689345397e-03 3.429517342035798104e-03 6.952302476910398483e+09 7.853001752308959961e+10 6.631152243215398201e+00
7.943282347243309326e+11 9.211943355837827196e-01 8.208426000828646096e-02 -2.136660322737715223e+00 2.368849150538401560e-01 4.617896088294692039e-15 3.668125247955515873e-03 8.446170515177459093e-03 2.978592973914129857e-03 6.614832448795269012e+09 7.886748755120472717e+10 6.950183639126146673e+00
8.912509381338023682e+11 9.059913513774336957e-01 9.872551892574299437e-02 -2.128802328635515551e+00 2.316317548457146602e-01 3.619427263376143459e-15 3.225817943991048705e-03 7.427720310546490935e-03 2.581745703271032862e-03 6.281607588533478737e+09 7.920071241146652222e+10 7.289462604950921687e+00
1.000000000000065430e+12 8.909049819705169293e-01 1.155174992063895401e-01 -2.120865535879139507e+00 2.261342092685566241e-01 2.832348066269484585e-15 2.832348066269670030e-03 6.521722435563054136e-03 2.233009634618295623e-03 5.953065460270141602e+09 7.952925453972985840e+10 7.650734557577169248e+00
1.122018454302038818e+12 8.759357316118651093e-01 1.324625564770231800e-01 -2.112887432335333493e+00 2.203926344590551312e-01 2.212589556850428272e-15 2.482566314582150546e-03 5.716320188326027077e-03 1.927058569021070002e-03 5.629676980831027985e+09 7.985264301916897583e+10 8.035909341751386492e+00
1.258925411794253662e+12 8.610841639952820925e-01 1.495630278854469808e-01 -2.104775670440982349e+00 2.144089009503175325e-01 1.725439504976069687e-15 2.172199639328071911e-03 5.001674508523861265e-03 1.659108701599823878e-03 5.311913183773396492e+09 8.017040681622660828e+10 8.447114602131598815e+00
1.412537544622853760e+12 8.463513735948741123e-01 1.668206703851835282e-01 -2.096473625267849528e+00 2.081867650219683952e-01 1.343132943736963933e-15 1.897225710448276594e-03 4.368523638923239860e-03 1.424853747913647261e-03 5.000227213902004242e+09 8.048209278609799194e+10 8.886755608794770112e+00
1.584893192461227539e+12 8.317382455222196436e-01 1.842374964079748212e-01 -2.088078944657067559e+00 2.017317491183620304e-01 1.043413730547324759e-15 1.653699318465028665e-03 3.807783398991988234e-03 1.220446071965767361e-03 4.695086372852485657e+09 8.078723362714752197e+10 9.357513636745132146e+00
1.778279410039053711e+12 8.172453420987957351e-01 2.018159328754960680e-01 -2.079627027751534740e+00 1.950512286687797470e-01 8.087933971540709380e-16 1.438260645134623256e-03 3.311717521326982931e-03 1.042458548957793949e-03 4.396984146165720940e+09 8.108533585383427429e+10 9.862349787896379283e+00
1.995262314969029785e+12 8.028731237288331268e-01 2.195585803474895681e-01 -2.071079542066212476e+00 1.881546640209308952e-01 6.254874004147644351e-16 1.248011438535523475e-03 2.873652534257951224e-03 8.878242975681713322e-04 4.106412903966684818e+09 8.137590709603330994e+10 1.040457450701752684e+01
2.238721138568511719e+12 7.886225569569829119e-01 2.374674541473069944e-01 -2.062321854699925794e+00 1.810540448882409781e-01 4.825997312510669755e-16 1.080406219819246474e-03 2.487727256133845377e-03 7.537898028083770026e-04 3.823837448886185646e+09 8.165848255111381531e+10 1.098794762486588361e+01
2.511886431509777344e+12 7.744946608970978419e-01 2.555445127615018075e-01 -2.053438227143082884e+00 1.737638278319423024e-01 3.713927200224166259e-16 9.328963341858179147e-04 2.148073192405056207e-03 6.378947915949049292e-04 3.549711361356386185e+09 8.193260863864361572e+10 1.161672337959847212e+01
2.818382931264679688e+12 7.604900426833610672e-01 2.737922604870310361e-01 -2.044479111325679277e+00 1.663007963643393650e-01 2.850096498707063726e-16 8.032663324413215041e-04 1.849589082783386490e-03 5.379532347151943063e-04 3.284497206189828873e+09 8.219782279381016541e+10 1.229565943499791381e+01
3.162277660168638184e+12 7.466091327003353539e-01 2.922134801891991818e-01 -2.035459750593500594e+00 1.586842392344281205e-01 2.180616024605279096e-16 6.895713340015019541e-04 1.587796674227876697e-03 4.520185907899130790e-04 3.028649599875553131e+09 8.245367040012445068e+10 1.303010456834742214e+01
3.548133892336050781e+12 7.328527066852005278e-01 3.108105431470178370e-01 -2.026232451287068859e+00 1.509362856010984799e-01 1.663313091125548208e-16 5.901657552188799716e-04 1.358906870362566093e-03 3.783510021751523345e-04 2.782583662998989105e+09 8.269973633700100708e+10 1.382616399324911605e+01
3.981071705535311035e+12 7.192218602429730767e-01 3.295854010656103505e-01 -2.016829734994475487e+00 1.430819237541333111e-01 1.264557425202899366e-16 5.034293785499847690e-04 1.159188982424451484e-03 3.153986058554771607e-04 2.546673713434990406e+09 8.293564628656500244e+10 1.469084388213294901e+01
4.466835921510018555e+12 7.057172729659074717e-01 3.485405849167988457e-01 -2.007337076339887449e+00 1.351485410627241701e-01 9.579397901372891907e-17 4.278959865229012066e-04 9.852669199196134077e-04 2.617872082968757661e-04 2.321277710198223591e+09 8.316104228980177307e+10 1.563209525322275084e+01
5.011872336273166016e+12 6.923393934021830898e-01 3.676789907038488514e-01 -1.997800857747413561e+00 1.271659151204769800e-01 7.228526836151200070e-17 3.622845368211438958e-04 8.341909739066184987e-04 2.163007609512201392e-04 2.106730601811629534e+09 8.337558939818836975e+10 1.665893821850582057e+01
5.623413251903997070e+12 6.790887895628687776e-01 3.870033947841436950e-01 -1.988084670284960165e+00 1.191662620287421148e-01 5.432785295474449378e-17 3.055079682532019008e-04 7.034580934907209288e-04 1.778595342662868297e-04 1.903313246051975727e+09 8.357900675394802856e+10 1.778174111635708954e+01
6.309573444802510742e+12 6.659665391912212851e-01 4.065158511585147405e-01 -1.978140347352795425e+00 1.111842557444560342e-01 4.065927169038820664e-17 2.565426609426838954e-04 5.907113068036498171e-04 1.455052992589277075e-04 1.711238947550783157e+09 8.377108105244921875e+10 1.901255119589061593e+01
7.079457843842039062e+12 6.529734301921826800e-01 4.262188393663173258e-01 -1.968091133405163395e+00 1.032562441409894671e-01 3.028884537109213810e-17 2.144286039432968631e-04 4.937401069513596601e-04 1.183940139150525735e-04 1.530675231352556229e+09 8.395164476864744568e+10 2.036526591189398516e+01
7.943282347243568359e+12 6.401099418689429887e-01 4.461153332114070613e-01 -1.957987405193825525e+00 9.541985083813525614e-02 2.245105489203831257e-17 1.783350680009242878e-04 4.106316691370077445e-04 9.578471951284348734e-05 1.361745842311272860e+09 8.412057415768872070e+10 2.185586113896978588e+01
8.912509381338316406e+12 6.273764805849312287e-01 4.662084710418125666e-01 -1.947753096906689407e+00 8.771366286958198755e-02 1.655426692416792643e-17 1.475400592628252382e-04 3.397235410780394694e-04 7.702583925746738424e-05 1.204507028921407223e+09 8.427781297107859802e+10 2.350288561823240485e+01
1.000000000000098242e+13 6.147739969482515221e-01 4.865005633516347183e-01 -1.937254093783672859e+00 8.017706775656599505e-02 1.213960790929618344e-17 1.213960790929737623e-04 2.795248020674075151e-04 6.154463067883128146e-05 1.058931097231561422e+09 8.442338890276843262e+10 2.532813875421752670e+01
1.122018454302075391e+13 6.023034000609253091e-01 5.069939738198459001e-01 -1.926618100836566150e+00 7.284927563395067474e-02 8.849211095444142153e-18 9.928978155103011522e-05 2.286231708860371828e-04 4.884093135499522161e-05 9.249200425109056234e+08 8.455739995748908997e+10 2.735722365836029013e+01
1.258925411794294922e+13 5.899651846595238558e-01 5.276917528751290387e-01 -1.915904314981551559e+00 6.576842215258416058e-02 6.409292453666834878e-18 8.068821141542586680e-05 1.857914727855115974e-04 3.848056526320654683e-05 8.023157867110162973e+08 8.468000421328898621e+10 2.962007716971282889e+01
1.412537544622899805e+13 5.777596687124232355e-01 5.485972948531412374e-01 -1.905113749448799521e+00 5.897099479590744986e-02 4.610335238959827080e-18 6.512271618328744304e-05 1.499505954989197737e-04 3.008701355609579915e-05 6.908886736197280884e+08 8.479143132638027954e+10 3.215192445560237644e+01
1.584893192461279492e+13 5.656875875045545010e-01 5.697133187076671712e-01 -1.894052208304947360e+00 5.249139843221033858e-02 3.292667059245605384e-18 5.218525607239860590e-05 1.201609927063820372e-04 2.333422385096328234e-05 5.903253772895984650e+08 8.489199462271040344e+10 3.499469505309640027e+01
1.778279410039111719e+13 5.537499224159684319e-01 5.910420977294047473e-01 -1.882791342795341993e+00 4.636104187457965042e-02 2.333525385533028041e-18 4.149660145896963512e-05 9.554945592933846191e-05 1.794146263507029120e-05 5.002363849247697592e+08 8.498208361507522583e+10 3.819859462940465278e+01
1.995262314969094922e+13 5.419471972515004232e-01 6.125867043335286866e-01 -1.871435453428292650e+00 4.060719345421831550e-02 1.640039951048579342e-18 3.272309909370989337e-05 7.534772016974337482e-05 1.366903323259326290e-05 4.201733607514931560e+08 8.506214663924850464e+10 4.182353463019222772e+01
2.238721138568585156e+13 5.302797000116904469e-01 6.343506757684572728e-01 -1.860042164677954801e+00 3.525240663916529016e-02 1.142359004067627183e-18 2.557423250240353267e-05 5.888684652479818778e-05 1.031316906522973790e-05 3.496309370834345818e+08 8.513268906291656494e+10 4.594123025250079451e+01
2.511886431509859375e+13 5.187479092320610441e-01 6.563372378413779851e-01 -1.848405401584420016e+00 3.031407982827769021e-02 7.882592198250998365e-19 1.980017638791215683e-05 4.559159098945922493e-05 7.701208127373313254e-06 2.880429053594149947e+08 8.519427709464057922e+10 5.063844720299099578e+01
2.818382931264771875e+13 5.073527885153550354e-01 6.785486820361091853e-01 -1.836496373149914874e+00 2.580399718721928040e-02 5.384926468425592000e-19 1.517678484472657616e-05 3.494583854304536942e-05 5.687772389060706527e-06 2.347899919429593682e+08 8.524753000805703735e+10 5.602122447531288429e+01
3.162277660168741406e+13 4.960949280955764817e-01 7.009879832799517096e-01 -1.824475627129873878e+00 2.172755154428031993e-02 3.638877846456640825e-19 1.150714212193277483e-05 2.649617391292628126e-05 4.151722077661421697e-06 1.892202385146480203e+08 8.529309976148535156e+10 6.221912637328859574e+01
3.548133892336166406e+13 4.849746085262718331e-01 7.236587429692276086e-01 -1.812420619529421462e+00 1.808360515100827792e-02 2.430371783208577194e-19 8.623284494979839202e-06 1.985584633078726698e-05 2.992921571568587565e-06 1.506603734716287851e+08 8.533165962652836609e+10 6.939074568411290045e+01
3.981071705535441406e+13 4.739920739845233655e-01 7.465646789785056470e-01 -1.800188392654319625e+00 1.486460334623720091e-02 1.603213768593138715e-19 6.382508972070989221e-06 1.469627001499141064e-05 2.129118662924124182e-06 1.184208469564098716e+08 8.536389915304359436e+10 7.773203622670675372e+01
4.466835921510164844e+13 4.631481527439872958e-01 7.697082917517034106e-01 -1.787619863136048703e+00 1.205693679045150360e-02 1.043760474027668847e-19 4.662306778839268245e-06 1.073535808792038754e-05 1.493327960351332065e-06 9.180584998866280913e+07 8.539051415001133728e+10 8.748795552363547756e+01
5.011872336273329688e+13 4.524435256123970905e-01 7.930923289074534033e-01 -1.774911308148685807e+00 9.641125353280762672e-03 6.699159388366944123e-20 3.357533161484204638e-06 7.731005806866700483e-06 1.031668862981656897e-06 7.013087567056261003e+07 8.541218912432943726e+10 9.896612341681596092e+01
5.623413251904180469e+13 4.418784485430300446e-01 8.167204380210916215e-01 -1.762141088260767763e+00 7.592454148336286179e-03 4.234268323208649531e-20 2.381104060084961498e-06 5.482694713619231720e-06 7.013263499695100319e-07 5.273630760963391513e+07 8.542958369239036560e+10 1.125537444888405787e+02
6.309573444802717188e+13 4.314529988960220108e-01 8.405966993137173882e-01 -1.749279360065615130e+00 5.881936137809022809e-03 2.632726056902221299e-20 1.661137841607042269e-06 3.824911231492680295e-06 4.686362013417132374e-07 3.899505349871765822e+07 8.544332494650128174e+10 1.287423370698843996e+02
7.079457843842270312e+13 4.211677541253784907e-01 8.647240588101864356e-01 -1.736058377016715948e+00 4.477440278153643413e-03 1.608725210397070254e-20 1.138890230933234580e-06 2.622391668303412212e-06 3.074536288468116023e-07 2.832038609852993488e+07 8.545399961390147400e+10 1.481631236840813131e+02
7.943282347243828125e+13 4.110234566307986448e-01 8.891049940200519419e-01 -1.722620211402029478e+00 3.344728482416276134e-03 9.647303884854673144e-21 7.663125864706292880e-07 1.764499938180981709e-06 1.977813386847021778e-07 2.017512797941421345e+07 8.546214487202058411e+10 1.716346212415763262e+02
8.912509381338607812e+13 4.010203399630195564e-01 9.137431298621414566e-01 -1.709099299495762114e+00 2.448580508191323338e-03 5.669337015538848463e-21 5.052801933696020796e-07 1.163450641037994670e-06 1.245825742042280753e-07 1.407883148850389943e+07 8.546824116851148987e+10 2.002231240101910146e+02
1.000000000000130938e+14 3.911583827521679102e-01 9.386427300384598826e-01 -1.695566956365232025e+00 1.754039737789057484e-03 3.259764830787994608e-21 3.259764830788421562e-07 7.505885906039678105e-07 7.673159341317922507e-08 9.610043823749866337e+06 8.547270995617625427e+10 2.353288979694963814e+02
1.122018454302112188e+14 3.814378454135145535e-01 9.638073631205281711e-01 -1.681700427478896254e+00 1.227541969289881827e-03 1.831367533607813875e-21 2.054828169317710848e-07 4.731416711335206492e-07 4.613833686974213270e-08 6.406388130961836316e+06 8.547591361186903381e+10 2.788127873152685652e+02
1.258925411794336094e+14 3.718594453075076411e-01 9.892393313015647172e-01 -1.667511783764589417e+00 8.378324382113408551e-04 1.003565211186202850e-21 1.263413746755060355e-07 2.909117659561956410e-07 2.703700094249930684e-08 4.163613377803414594e+06 8.547815638662219238e+10 3.331812050440416328e+02
1.412537544622946250e+14 3.624234285798442201e-01 1.014942058503801814e+00 -1.653223400205274585e+00 5.566549104735723629e-04 5.353116024900657101e-22 7.561477365894920478e-08 1.741094506372152947e-07 1.541147052766408374e-08 2.633182501176012680e+06 8.547968681749882507e+10 4.018388972183381611e+02
1.584893192461331250e+14 3.531297127842903394e-01 1.040919831232674619e+00 -1.638958589826339241e+00 3.592804584803260402e-04 2.773511591567118986e-22 4.395719640687319347e-08 1.012151851762776474e-07 8.528354632326788308e-09 1.617304016530172899e+06 8.548070269598347473e+10 4.894536628615831546e+02
1.778279410039170000e+14 3.439782329438160757e-01 1.067176899936886025e+00 -1.624450613696194701e+00 2.247688447763694902e-04 1.392955848151305089e-22 2.477064703861114381e-08 5.703652261492312555e-08 4.572061937546784535e-09 9.626986871653086273e+05 8.548135730131283569e+10 6.025077417462019866e+02
1.995262314969160312e+14 3.349695520600216025e-01 1.093715640660829935e+00 -1.609509929309413279e+00 1.359766416814632008e-04 6.766393535892458012e-23 1.350073003041714791e-08 3.108657971257557960e-08 2.368984379359326584e-09 5.540668001949648606e+05 8.548176593319979858e+10 7.501462357473028533e+02
2.238721138568658125e+14 3.261039628842426485e-01 1.120539043901786602e+00 -1.594445377194554148e+00 7.934110150574685339e-05 3.170085703067815579e-23 7.096937874532204801e-09 1.634130335580270224e-08 1.183287302649874046e-09 3.075430445545025286e+05 8.548201245695544434e+10 9.454457165448638989e+02
2.511886431509941875e+14 3.173813078625302708e-01 1.147651364046396116e+00 -1.579380900543443378e+00 4.452579238428078733e-05 1.428283293238038901e-23 3.587685424636965561e-09 8.260950977121090437e-09 5.682309443267819799e-10 1.642075647415088315e+05 8.548215579243525696e+10 1.207327352377060379e+03
2.818382931264864375e+14 3.088012445298090602e-01 1.175057430626525123e+00 -1.564212754033217134e+00 2.395889415651358809e-05 6.169953773250871314e-24 1.738929240122350184e-09 4.004032546077187206e-09 2.616063562468263313e-10 8.411889560427867400e+04 8.548223588110440063e+10 1.563569665049459672e+03
3.162277660168845000e+14 3.003640393300854861e-01 1.202760075545217910e+00 -1.548550389255370252e+00 1.232054430770340404e-05 2.547750574574864983e-24 8.056694725660434935e-10 1.855122517410947179e-09 1.151274796596235662e-10 4.124062190983444452e+04 8.548227875937809753e+10 2.055608165808423109e+03
3.548133892336283125e+14 2.920700218957193450e-01 1.230761704448784855e+00 -1.532669931229382332e+00 6.033217407293157507e-06 1.001848016665427762e-24 3.554690902900489620e-10 8.184978283220212871e-10 4.828697101629964401e-11 1.931424096193994046e+04 8.548230068575903320e+10 2.746144245576660978e+03
3.981071705535571875e+14 2.839189448687321482e-01 1.259066486948589025e+00 -1.516760497517411821e+00 2.802315008594337674e-06 3.736399335726980338e-25 1.487487367604458754e-10 3.425066238662980974e-10 1.926185971159178347e-11 8.645032675175880286e+03 8.548231135496733093e+10 3.730501865562646799e+03
4.466835921510310625e+14 2.759102772087467792e-01 1.287679548692786557e+00 -1.500900254060625105e+00 1.229314209508791948e-06 1.315886654011492945e-25 5.877849774774545777e-11 1.353424927025427814e-10 7.315631797370810289e-12 3.724792331818153798e+03 8.548231627520767212e+10 5.151290638568760187e+03
5.011872336273493750e+14 2.680438918270373061e-01 1.316604536406999371e+00 -1.484558858911213086e+00 nan nan nan nan nan nan nan nan
5.623413251904365000e+14 2.603200883308007252e-01 1.345843296195238015e+00 -1.467838618894322877e+00 nan nan nan nan nan nan nan nan
6.309573444802923750e+14 2.527385811977863050e-01 1.375399600350249329e+00 -1.451073882835998585e+00 nan nan nan nan nan nan nan nan
7.079457843842502500e+14 2.452987237161504408e-01 1.405278530682103399e+00 -1.434466490210483780e+00 nan nan nan nan nan nan nan nan
7.943282347244088750e+14 2.379999731058358159e-01 1.435484718311358598e+00 -1.417503952382755505e+00 nan nan nan nan nan nan nan nan
8.912509381338898750e+14 2.308424819527846172e-01 1.466019697365666952e+00 -1.399969460211239358e+00 nan nan nan nan nan nan nan nan
