# [1] m:            [M_sun/h] 
# [2] sigma 
# [3] ln(1/sigma) 
# [4] n_eff 
# [5] f(sigma) 
# [6] dn/dm:        [h^4/(Mpc^3*M_sun)] 
# [7] dn/dlnm:      [h^3/Mpc^3] 
# [8] dn/dlog10m:   [h^3/Mpc^3] 
# [9] n(>m):        [h^3/Mpc^3] 
# [11] rho(>m):     [M_sun*h^2/Mpc^3] 
# [11] rho(<m):     [M_sun*h^2/Mpc^3] 
# [12] Lbox(N=1):   [Mpc/h]
1.000000000000000000e+10 9.577657288786231016e-01 4.315207279686929243e-02 -2.366626478989699578e+00 2.483897334802755708e-01 2.241396011245647569e-11 2.241396011245647690e-01 5.161005042990542968e-01 2.000921677394256193e-01 7.422430889327939034e+09 7.805988911067205811e+10 1.709713352985660961e+00
1.122018454301965332e+10 9.461553795313684123e-01 5.534847444156835994e-02 -2.362084558369764054e+00 2.449057572474594990e-01 1.768019943868135266e-11 1.983751004593972689e-01 4.567755491390044775e-01 1.757702664034742623e-01 7.165278114351206779e+09 7.831704188564878845e+10 1.785191716573858667e+00
1.258925411794171333e+10 9.346038467445572095e-01 6.763253279815591157e-02 -2.357490689271687589e+00 2.412854204878820408e-01 1.393591716765170088e-11 1.754428025901537957e-01 4.039719819171853077e-01 1.542515781270696051e-01 6.910007817027138710e+09 7.857231218297285461e+10 1.864619097727508557e+00
1.412537544622761154e+10 9.231107229332896624e-01 8.000609183284074222e-02 -2.352822044009573510e+00 2.375270297067537117e-01 1.097644748665365399e-11 1.550464418147843026e-01 3.570076256444910667e-01 1.352270879380277901e-01 6.656793499870171547e+09 7.882552650012982178e+10 1.948253363751186962e+00
1.584893192461123848e+10 9.116759838903506497e-01 9.247063285697317003e-02 -2.348017586563213577e+00 2.336293131904064457e-01 8.639493129036639129e-12 1.369267384652482211e-01 3.152854668223749601e-01 1.184197606263562019e-01 6.405798383623126984e+09 7.907652161637687683e+10 2.036378987269165552e+00
1.778279410038937378e+10 9.002996801925133852e-01 1.050275930910131439e-01 -2.343127634558074490e+00 2.295913713524503907e-01 6.794564155741703426e-12 1.208263353834406750e-01 2.782129186950095256e-01 1.035823009884216522e-01 6.157189859880407333e+09 7.932513014011959839e+10 2.129306346743702782e+00
1.995262314968899155e+10 8.889816549761426767e-01 1.176786792535417653e-01 -2.338180510358795594e+00 2.254126134632281064e-01 5.338789734617494441e-12 1.065228596502509617e-01 2.452779486937648190e-01 9.049502930370234566e-02 5.911156321719479561e+09 7.957116367828051758e+10 2.227366883764192451e+00
2.238721138568365097e+10 8.777216985962845719e-01 1.304257075792667753e-01 -2.333184098368056070e+00 2.210928424601216191e-01 4.190884396619478158e-12 9.382221488008353483e-02 2.160336333745644932e-01 7.896223975199416489e-02 5.667898094369752884e+09 7.981442190563024902e+10 2.330917203142210070e+00
2.511886431509613037e+10 8.665198825571609476e-01 1.432702242649603053e-01 -2.328061430652279995e+00 2.166324271638223886e-01 3.286836385762356159e-12 8.256159719988558077e-02 1.901051029662355063e-01 6.880877134347421209e-02 5.427607721775006294e+09 8.005471227822499084e+10 2.440349704545319298e+00
2.818382931264495468e+10 8.553765221075438907e-01 1.562135302487829280e-01 -2.322834617808168023e+00 2.120323492401842702e-01 2.575264987914403478e-12 7.258082885421021646e-02 1.671235345568565511e-01 5.987805540539694465e-02 5.190472585297692299e+09 8.029184741470230103e+10 2.556097628516141196e+00
3.162277660168431091e+10 8.442917219061354395e-01 1.692572020377581532e-01 -2.317549636563312809e+00 2.072940668916118667e-01 2.015500877081743137e-12 6.373573397645475314e-02 1.467569509452188448e-01 5.203104326784509237e-02 4.956696499133659363e+09 8.052562350086633301e+10 2.678628520717806882e+00
3.548133892335818481e+10 8.332654982505298680e-01 1.824029622066494771e-01 -2.312230942455617999e+00 2.024195983660406484e-01 1.575506655294170494e-12 5.590108561249891583e-02 1.287170064135239322e-01 4.514419433387655001e-02 4.726498649027577400e+09 8.075582135097242737e+10 2.808445697801263297e+00
3.981071705535050964e+10 8.222979990872023581e-01 1.956524203206613521e-01 -2.306808876054347479e+00 1.974116618150826286e-01 1.230129539825953391e-12 4.897233905143955762e-02 1.127629778688949008e-01 3.910719472681610520e-02 4.500092980627187729e+09 8.098222701937281799e+10 2.946101998608297023e+00
4.466835921509725952e+10 8.113897235373958017e-01 2.090067933905652708e-01 -2.301264190123321285e+00 1.922738338135621949e-01 9.593083777190013897e-13 4.285073121400456014e-02 9.866745491726156003e-02 3.382143390716221831e-02 4.277680772493664742e+09 8.120463922750633240e+10 3.092212475145596162e+00
5.011872336272837830e+10 8.005410258103848875e-01 2.224674976270295257e-01 -2.295659882989613543e+00 1.870103730263883435e-01 7.470904273467708144e-13 3.744321845513533253e-02 8.621619664851416787e-02 2.919934261801784836e-02 4.059471796786237717e+09 8.142284820321376038e+10 3.247448770393423612e+00
5.623413251903628540e+10 7.897521147566650690e-01 2.360361615489659781e-01 -2.290021454078070562e+00 1.816262506267251053e-01 5.809635605743416256e-13 3.266998185406869148e-02 7.522541320556455635e-02 2.516330237166589795e-02 3.845689757680877209e+09 8.163663024231912231e+10 3.412537673518785120e+00
6.309573444802097321e+10 7.790231966557727983e-01 2.497144560762017962e-01 -2.284309959324306583e+00 1.761272531973130384e-01 4.511039042729998644e-13 2.846273215247467278e-02 6.553786276017051216e-02 2.164422047252253720e-02 3.636554871680689335e+09 8.184576512831930542e+10 3.588277459229019417e+00
7.079457843841575623e+10 7.683548328654666859e-01 2.635036305735040663e-01 -2.278464227753304261e+00 1.705202086020297658e-01 3.497508452334764658e-13 2.476046364678356065e-02 5.701307448870481659e-02 1.858044704130066768e-02 3.432270467707880020e+09 8.205004953229211426e+10 3.775559166011965839e+00
7.943282347243049622e+10 7.577475710716409241e-01 2.774049684975429253e-01 -2.272547419090566123e+00 1.648128387435310593e-01 2.707202727207101722e-13 2.150407563343241166e-02 4.951496399215796901e-02 1.591724607927911053e-02 3.233037218509413719e+09 8.224928278149058533e+10 3.975368173838732311e+00
8.912509381337731934e+10 7.472017363046918881e-01 2.914200683219547727e-01 -2.266586265575464942e+00 1.590136669435819883e-01 2.091744045871721647e-13 1.864268843218906332e-02 4.292637647729107692e-02 1.360621256754289236e-02 3.039063950393420696e+09 8.244325604960658264e+10 4.188780304179018366e+00
1.000000000000032654e+11 7.367175712576474744e-01 3.055506742711048274e-01 -2.260578313503839532e+00 1.531321030507054592e-01 1.613182421292770501e-13 1.613182421292823007e-02 3.714489795548894802e-02 1.160443070672339920e-02 2.850556272239522934e+09 8.263176372776048279e+10 4.416979532372728556e+00
1.122018454302001953e+11 7.262955809399995744e-01 3.197982107338367408e-01 -2.254435629034087007e+00 1.471786494898937592e-01 1.241809589900050614e-13 1.393333276597057656e-02 3.208268432264934494e-02 9.873741149769950029e-03 2.667700617666903019e+09 8.281461938233309937e+10 4.661289616586814510e+00
1.258925411794212494e+11 7.159364096835304503e-01 3.341639292567838426e-01 -2.248193319057927297e+00 1.411648444123782264e-01 9.540206707062010567e-14 1.201040865728995009e-02 2.765498793504247294e-02 8.380299343327660480e-03 2.490668290297290325e+09 8.299165170970271301e+10 4.923192561392403022e+00
1.412537544622807312e+11 7.056404432761813617e-01 3.486494583638602984e-01 -2.241895832304716674e+00 1.351030220369155155e-01 7.313394450123889628e-14 1.033044423943606585e-02 2.378672690973170079e-02 7.094256472208311688e-03 2.319630260552358627e+09 8.316268973944764709e+10 5.204324545324296558e+00
1.584893192461175842e+11 6.954079433434456892e-01 3.632566367766837390e-01 -2.235565336294677685e+00 1.290063620688315649e-01 5.593408662693553325e-14 8.864955312156381356e-03 2.041231395182966160e-02 5.989280450669282746e-03 2.154752804931557178e+09 8.332756719506843567e+10 5.506493321167885924e+00
1.778279410038995667e+11 6.852392957356907566e-01 3.779871648833945108e-01 -2.229110621185282248e+00 1.228890038833963666e-01 4.268056265551276095e-14 7.589796577917762473e-03 1.747615245917066157e-02 5.042068790394278917e-03 1.996180756157855749e+09 8.348613924384214783e+10 5.831725557818877803e+00
1.995262314968964539e+11 6.751351577037763008e-01 3.928423745184618232e-01 -2.222522852696533491e+00 1.167660932623077324e-01 3.248848295308194622e-14 6.482304570679602897e-03 1.492605787269402247e-02 4.232013532097665155e-03 1.844033548984662056e+09 8.363828645101533508e+10 6.182312931973060088e+00
2.238721138568438416e+11 6.650959772952731441e-01 4.078239219805784299e-01 -2.215868059531267420e+00 1.106534303054180629e-01 2.466488395082535227e-14 5.521779708105013958e-03 1.271436764267961858e-02 3.541002894213326774e-03 1.698420238010588646e+09 8.378389976198941040e+10 6.560816726319506742e+00
2.511886431509695129e+11 6.551220453619652773e-01 4.229337319070458068e-01 -2.209176206882378146e+00 1.045674180225063810e-01 1.867244383802923244e-14 4.690305831987244371e-03 1.079982829031686520e-02 2.953147995888417022e-03 1.559440573634891987e+09 8.392287942636511230e+10 6.970088022426780050e+00
2.818382931264587402e+11 6.452136552372400580e-01 4.381737686071837112e-01 -2.202385109213563119e+00 9.852506386645668024e-02 1.409499831904287267e-14 3.972510267859348694e-03 9.147042924538720948e-03 2.454476215517029276e-03 1.427171044147027731e+09 8.405514895585296631e+10 7.413336675571891909e+00
3.162277660168534546e+11 6.353714322741154108e-01 4.535455183807620139e-01 -2.195434228533031273e+00 9.254406766877504298e-02 1.060804093794716239e-14 3.354557087622357919e-03 7.724153143556762927e-03 2.032696313814644044e-03 1.301656577697891951e+09 8.418066342230210876e+10 7.894218935552788530e+00
3.548133892335934448e+11 6.255959256156409243e-01 4.690506025349661656e-01 -2.188402255694329668e+00 8.664243837075194521e-02 7.957864636090267552e-15 2.823556922593344672e-03 6.501480079183578550e-03 1.677055483246136895e-03 1.182921480825671673e+09 8.429939851917433167e+10 8.416874590940055967e+00
3.981071705535180664e+11 6.158874762709988238e-01 4.846910005257555332e-01 -2.181317620413870007e+00 8.083826418292715255e-02 5.949184979307578187e-15 2.368413199211630033e-03 5.453472926555036696e-03 1.378181658102672642e-03 1.070974509365400910e+09 8.441134549063459778e+10 8.985960628750362389e+00
4.466835921509872437e+11 6.062463535266966463e-01 5.004688515498582069e-01 -2.174164517662721341e+00 7.514963131372540128e-02 4.431445810091422491e-15 1.979454132874078343e-03 4.557861578621307842e-03 1.127898295473265004e-03 9.657997928917369843e+08 8.451652020710826111e+10 9.606754369045624742e+00
5.011872336273001709e+11 5.966731141348020628e-01 5.163858630613109568e-01 -2.166843453835149091e+00 6.959465154370035600e-02 3.288724742487732677e-15 1.648266855849081936e-03 3.795274691554262163e-03 9.190698887188767079e-04 8.673481627422044277e+08 8.461497183725779724e+10 1.028530451087436148e+01
5.623413251903812256e+11 5.871684023570850064e-01 5.324436138294659226e-01 -2.159410016065619775e+00 6.419113540986685906e-02 2.430996415402323119e-15 1.367049745770408924e-03 3.147748365992244016e-03 7.454943122802147907e-04 7.755418574668618441e+08 8.470677814253314209e+10 1.102855352283682322e+01
6.309573444802304688e+11 5.777326097319072096e-01 5.486441302687052879e-01 -2.151910507276500795e+00 5.895618517583482709e-02 1.789353334468678877e-15 1.129005628253203350e-03 2.599631529522203246e-03 6.018098148923542489e-04 6.902827176170536280e+08 8.479203728238294983e+10 1.184441397065677570e+01
7.079457843841807861e+11 5.683660148368548937e-01 5.649896754741594584e-01 -2.144365808024451425e+00 5.390606433287160881e-02 1.311145251427343311e-15 9.282197534633244854e-04 2.137304967347259180e-03 4.833864024706182303e-04 6.114489014152722359e+08 8.487087109858473206e+10 1.274192927337730019e+01
7.943282347243309326e+11 5.590690630323391641e-01 5.814822659944630656e-01 -2.136660322737715223e+00 4.905612462862182777e-02 9.563128406801320433e-16 7.596262905816596536e-04 1.749104172939692971e-03 3.862261739634448169e-04 5.388874296248472929e+08 8.494343257037515259e+10 1.373154589210028931e+01
8.912509381338023682e+11 5.498424342883048155e-01 5.981235249119194464e-01 -2.128802328635515551e+00 4.442059634217505187e-02 6.941065466752839688e-16 6.186231108891607038e-04 1.424432353314984039e-03 3.068877608070782440e-04 4.724151920938408971e+08 8.500990480790615845e+10 1.482541333936640449e+01
1.000000000000065430e+12 5.406865785876293629e-01 6.149155051925661031e-01 -2.120865535879139507e+00 4.001211838571794993e-02 5.011548075972241391e-16 5.011548075972569382e-04 1.153951589255743006e-03 2.424281622428103226e-04 4.118282355824427009e+08 8.507049176441755676e+10 1.603758521186160024e+01
1.122018454302038818e+12 5.316018019568606867e-01 6.318605624631998818e-01 -2.112887432335333493e+00 3.584158336393799410e-02 3.598246976205831971e-16 4.037299510439452802e-04 9.296225668690043849e-04 1.903388083396918601e-04 3.569031039619811177e+08 8.512541689603802490e+10 1.738431374445535482e+01
1.258925411794253662e+12 5.225884464994559053e-01 6.489610338716235161e-01 -2.104775670440982349e+00 3.191803034678070139e-02 2.568579487011213611e-16 3.233649988411864949e-04 7.445754259277529525e-04 1.484838585197731028e-04 3.073926389554654956e+08 8.517492736104454041e+10 1.888456208693568428e+01
1.412537544622853760e+12 5.136471764472598789e-01 6.662186763713600079e-01 -2.096473625267849528e+00 2.824857661253558569e-02 1.822478669956294963e-16 2.574319545587589364e-04 5.927589810273189291e-04 1.150504983458964413e-04 2.630261579476794004e+08 8.521929384205232239e+10 2.056066538837292867e+01
1.584893192461227539e+12 5.047785289708582868e-01 6.836355023941514952e-01 -2.088078944657067559e+00 2.483805894671823125e-02 1.284694742320591347e-16 2.036103951494636164e-04 4.688302606497821352e-04 8.851076730396902450e-05 2.235176528442511559e+08 8.525880234715574646e+10 2.243888630751682101e+01
1.778279410039053711e+12 4.959828453408487992e-01 7.012139388616726032e-01 -2.079627027751534740e+00 2.168891018262565293e-02 8.993456471357825551e-17 1.599287846809810442e-04 3.682496355470815056e-04 6.758376989904752970e-05 1.885702370149657428e+08 8.529374976298503113e+10 2.455005835763557798e+01
1.995262314969029785e+12 4.872604049746700472e-01 7.189565863336661034e-01 -2.071079542066212476e+00 1.880115444616944909e-02 6.250116243742336727e-17 1.247062140531487225e-04 2.871466694825048661e-04 5.119886227330794495e-05 1.578756451865891218e+08 8.532444435481341553e+10 2.693063310409040412e+01
2.238721138568511719e+12 4.786117944643056288e-01 7.368654601334834187e-01 -2.062321854699925794e+00 1.617249628144804344e-02 4.310780443432452205e-17 9.650635302439972553e-05 2.222140898532036642e-04 3.846484328991528386e-05 1.311154374683532566e+08 8.535120456253164673e+10 2.962411221911677117e+01
2.511886431509777344e+12 4.700376323057717243e-01 7.549425187476784815e-01 -2.053438227143082884e+00 1.379823091949229814e-02 2.949153789155666930e-17 7.407939387415766130e-05 1.705741080326698836e-04 2.864513834276849260e-05 1.079669832739464492e+08 8.537435301672605896e+10 3.268258193723259097e+01
2.818382931264679688e+12 4.615382869663133825e-01 7.731902664732075436e-01 -2.044479111325679277e+00 1.167125210735456796e-02 2.000242662327483850e-17 5.637449777891200860e-05 1.298070782107487353e-04 2.113560868668305762e-05 8.810926224593003094e+07 8.539421073775407410e+10 3.616832641098940826e+01
3.162277660168638184e+12 4.531140196445561097e-01 7.916114861753756893e-01 -2.035459750593500594e+00 9.782249449862926230e-03 1.344262669687313934e-17 4.250931809750845995e-05 9.788132216466500168e-05 1.544339867729773927e-05 7.122491294554002583e+07 8.541109508705445862e+10 4.015617815270822177e+01
3.548133892336050781e+12 4.447653011322116878e-01 8.102085491331942890e-01 -2.026232451287068859e+00 8.119968561174658803e-03 8.948179659743394874e-18 3.174933952544760986e-05 7.310555590370232837e-05 1.116872672558857330e-05 5.700200746931300312e+07 8.542531799253068542e+10 4.473685449698157868e+01
3.981071705535311035e+12 4.364927963474699579e-01 8.289834070517869691e-01 -2.016829734994475487e+00 6.671421106843111910e-03 5.896199097665608436e-18 2.347319139791938483e-05 5.404902059784524448e-05 7.989862313049898206e-06 4.513797428846377879e+07 8.543718202571153259e+10 5.002113804123239049e+01
4.466835921510018555e+12 4.282969177320821719e-01 8.479385909029754087e-01 -2.007337076339887449e+00 5.422084947519592059e-03 3.843201617931529598e-18 1.716695104058197811e-05 3.952836555820268464e-05 5.650427659148709126e-06 3.534448054326541722e+07 8.544697551945674133e+10 5.614437181043772540e+01
5.011872336273166016e+12 4.201779375080980650e-01 8.670769966900253589e-01 -1.997800857747413561e+00 4.356268630702648907e-03 2.476245672646217833e-18 1.241062718455171804e-05 2.857652514985545116e-05 3.947805391447263355e-06 2.734976506678209826e+07 8.545497023493321228e+10 6.327246506995651032e+01
5.623413251903997070e+12 4.121362003991052014e-01 8.864014007703201470e-01 -1.988084670284960165e+00 3.457494806128502685e-03 1.576270550248834397e-18 8.864020700855301137e-06 2.041016192978005309e-05 2.723138214456381085e-06 2.089984829341196269e+07 8.546142015170658875e+10 7.161051082815598079e+01
6.309573444802510742e+12 4.041723604830644856e-01 9.059138571446913035e-01 -1.978140347352795425e+00 2.708875277766260425e-03 9.906159388899463087e-19 6.250364022018111733e-06 1.439199502288521249e-05 1.853084290639753045e-06 1.576029517632303201e+07 8.546655970482366943e+10 8.141447159949368029e+01
7.079457843842039062e+12 3.962868959362528809e-01 9.256168453524938888e-01 -1.968091133405163395e+00 2.093417039540097519e-03 6.140760351622053136e-19 4.347325403844494183e-06 1.001008666928665195e-05 1.243032248335459017e-06 1.171846177125938796e+07 8.547060153822874451e+10 9.300490812260646578e+01
7.943282347243568359e+12 3.884800976458100963e-01 9.455133391975837354e-01 -1.957987405193825525e+00 1.594390129638400058e-03 3.751393447528819747e-19 2.979837734932086615e-06 6.861329947995766173e-06 8.212468329034003639e-07 8.584275080185690895e+06 8.547373572491981506e+10 1.067846341522766664e+02
8.912509381338316406e+12 3.807522122320340374e-01 9.656064770279891851e-01 -1.947753096906689407e+00 1.195672439645138058e-03 2.256601773567116128e-19 2.011198447686160520e-06 4.630955564694918919e-06 5.339396950861345496e-07 6.189902180949883536e+06 8.547613009781904602e+10 1.232639073345496001e+02
1.000000000000098242e+13 3.731038166150832946e-01 9.858985693378110593e-01 -1.937254093783672859e+00 8.820508682412758587e-04 1.335513008409622550e-19 1.335513008409753808e-06 3.075132344663931120e-06 3.412874973521640927e-07 4.389283221911224537e+06 8.547793071677809143e+10 1.430956858121069786e+02
1.122018454302075391e+13 3.655354625252448808e-01 1.006391979806022574e+00 -1.926618100836566150e+00 6.394333112917932474e-04 7.767380394435720140e-20 8.715144144141010911e-07 2.006736098959344502e-06 2.142407862615827368e-07 3.057601401758537162e+06 8.547926239859823608e+10 1.671216117833373289e+02
1.258925411794294922e+13 3.580474502161143380e-01 1.027089758861305713e+00 -1.915904314981551559e+00 4.550279764765402437e-04 4.434358131737220533e-20 5.582526137040660298e-07 1.285424146439946090e-06 1.319367801266008214e-07 2.090139387050096644e+06 8.548022986061294556e+10 1.964316085249728019e+02
1.412537544622899805e+13 3.506399726613946277e-01 1.047995300839317911e+00 -1.905113749448799521e+00 3.174730640504553974e-04 2.481995190479543412e-20 3.505911392125820496e-07 8.072659308866917261e-07 7.961952819343511688e-08 1.400502747360188048e+06 8.548091949725263977e+10 2.324485278764413465e+02
1.584893192461279492e+13 3.433134761024938530e-01 1.069111324693843734e+00 -1.894052208304947360e+00 2.168977230356200579e-04 1.360550507693323380e-20 2.156327237642885853e-07 4.965126953013538078e-07 4.702506253873411618e-08 9.186994907036590157e+05 8.548140130050929260e+10 2.770491823265636526e+02
1.778279410039111719e+13 3.360685561349386341e-01 1.090440103715581310e+00 -1.882791342795341993e+00 1.449108636734135962e-04 7.293908103623533564e-21 1.297060659939115385e-07 2.986592540284826435e-07 2.714576380548828496e-08 5.891946925011082785e+05 8.548173080530749512e+10 3.327356321849924257e+02
1.995262314969094922e+13 3.289055306537347900e-01 1.111984710319705139e+00 -1.871435453428292650e+00 9.453994057440129382e-05 3.818271254983025907e-21 7.618452743397383159e-08 1.754213571862640713e-07 1.529374852511966738e-08 3.689168861783649772e+05 8.548195108311381531e+10 4.028673004296540512e+02
2.238721138568585156e+13 3.218245744452283286e-01 1.133748681754633614e+00 -1.860042164677954801e+00 6.013384847114688599e-05 1.948645491168642760e-21 4.362473852655603756e-08 1.004496726170109769e-07 8.396972780037817647e-09 2.251942790072450007e+05 8.548209480572099304e+10 4.919931825512809951e+02
2.511886431509859375e+13 3.148259779306646911e-01 1.155735243827554548e+00 -1.848405401584420016e+00 3.722939435007445815e-05 9.680786456719576575e-22 2.431703614697831194e-08 5.599204493782963505e-08 4.485929841166819884e-09 1.338131631567901350e+05 8.548218618683683777e+10 6.063394716665533224e+02
2.818382931264771875e+13 3.079103259165954509e-01 1.177946688022285526e+00 -1.836496373149914874e+00 2.239476069889560756e-05 4.673467399898433155e-22 1.317162074969609828e-08 3.032877758882129761e-08 2.327909278000556163e-09 7.728222139821936435e+04 8.548224271777859497e+10 7.545325556530337963e+02
3.162277660168741406e+13 3.010779766136159608e-01 1.200385989266128162e+00 -1.824475627129873878e+00 1.306373875708265501e-05 2.187883409603926683e-22 6.918694829244313052e-09 1.593088357679293983e-08 1.171417748860205479e-09 4.331822481719427742e+04 8.548227668177517700e+10 9.486282782575635792e+02
3.548133892336166406e+13 2.943291002885227714e-01 1.223056748955404283e+00 -1.812420619529421462e+00 7.374754884591494463e-06 9.911406508779834095e-23 3.516699735452300522e-09 8.097500387388571457e-09 5.707081497556700962e-10 2.354100161485934586e+04 8.548229645899838257e+10 1.205577984446540086e+03
3.981071705535441406e+13 2.876638451313853206e-01 1.245962684964682321e+00 -1.800188392654319625e+00 4.019904127943657892e-06 4.335645893958605931e-23 1.726051719365952061e-09 3.974380958748783668e-09 2.689111161022374071e-10 1.240267382746133444e+04 8.548230759732617188e+10 1.549281785159241736e+03
4.466835921510164844e+13 2.810827138180875262e-01 1.269106297737879974e+00 -1.787619863136048703e+00 2.110774242211089640e-06 1.827282303877067914e-23 8.162170233697939820e-10 1.879409150659260430e-09 1.225663633670369406e-10 6.348346855643034360e+03 8.548231365165313721e+10 2.013150453177133159e+03
5.011872336273329688e+13 2.745861195280498435e-01 1.292490334893629855e+00 -1.774911308148685807e+00 1.064916164775449072e-06 7.399595858020389044e-24 3.708582978041510175e-10 8.539327881369846235e-10 5.423281489713111410e-11 3.179643249822997859e+03 8.548231682035675049e+10 2.641877145043720247e+03
5.623413251904180469e+13 2.681742175982660958e-01 1.316118444007267962e+00 -1.762141088260767763e+00 nan nan nan nan nan nan nan nan
6.309573444802717188e+13 2.618470549782854762e-01 1.339994705299893951e+00 -1.749279360065615130e+00 nan nan nan nan nan nan nan nan
7.079457843842270312e+13 2.556049821225748198e-01 1.364122064796362999e+00 -1.736058377016715948e+00 nan nan nan nan nan nan nan nan
7.943282347243828125e+13 2.494484495904658594e-01 1.388503000006228394e+00 -1.722620211402029478e+00 nan nan nan nan nan nan nan nan
8.912509381338607812e+13 2.433775991229427671e-01 1.413141135848317909e+00 -1.709099299495762114e+00 nan nan nan nan nan nan nan nan
1.000000000000130938e+14 2.373924177507170941e-01 1.438040736024636335e+00 -1.695566956365232025e+00 nan nan nan nan nan nan nan nan
1.122018454302112188e+14 2.314930635187483765e-01 1.463205369106704845e+00 -1.681700427478896254e+00 nan nan nan nan nan nan nan nan
1.258925411794336094e+14 2.256799717901496194e-01 1.488637337287741058e+00 -1.667511783764589417e+00 nan nan nan nan nan nan nan nan
1.412537544622946250e+14 2.199532919497344530e-01 1.514340064489978488e+00 -1.653223400205274585e+00 nan nan nan nan nan nan nan nan
1.584893192461331250e+14 2.143129739612218143e-01 1.540317837218851071e+00 -1.638958589826339241e+00 nan nan nan nan nan nan nan nan
1.778279410039170000e+14 2.087589783903187890e-01 1.566574905923062477e+00 -1.624450613696194701e+00 nan nan nan nan nan nan nan nan
1.995262314969160312e+14 2.032916469203867871e-01 1.593113646647006387e+00 -1.609509929309413279e+00 nan nan nan nan nan nan nan nan
2.238721138568658125e+14 1.979111572210104364e-01 1.619937049887962832e+00 -1.594445377194554148e+00 nan nan nan nan nan nan nan nan
2.511886431509941875e+14 1.926174136733444786e-01 1.647049370032572568e+00 -1.579380900543443378e+00 nan nan nan nan nan nan nan nan
2.818382931264864375e+14 1.874102084367396392e-01 1.674455436612701575e+00 -1.564212754033217134e+00 nan nan nan nan nan nan nan nan
3.162277660168845000e+14 1.822897032149703722e-01 1.702158081531394584e+00 -1.548550389255370252e+00 nan nan nan nan nan nan nan nan
3.548133892336283125e+14 1.772560980605634995e-01 1.730159710434961307e+00 -1.532669931229382332e+00 nan nan nan nan nan nan nan nan
3.981071705535571875e+14 1.723092428529766074e-01 1.758464492934765699e+00 -1.516760497517411821e+00 nan nan nan nan nan nan nan nan
4.466835921510310625e+14 1.674488153059835172e-01 1.787077554678963232e+00 -1.500900254060625105e+00 nan nan nan nan nan nan nan nan
5.011872336273493750e+14 1.626747382899578209e-01 1.816002542393175823e+00 -1.484558858911213086e+00 nan nan nan nan nan nan nan nan
5.623413251904365000e+14 1.579871936352782169e-01 1.845241302181414467e+00 -1.467838618894322877e+00 nan nan nan nan nan nan nan nan
6.309573444802923750e+14 1.533860080596621267e-01 1.874797606336425781e+00 -1.451073882835998585e+00 nan nan nan nan nan nan nan nan
7.079457843842502500e+14 1.488707890763447672e-01 1.904676536668279851e+00 -1.434466490210483780e+00 nan nan nan nan nan nan nan nan
7.943282347244088750e+14 1.444412072743361808e-01 1.934882724297535050e+00 -1.417503952382755505e+00 nan nan nan nan nan nan nan nan
8.912509381338898750e+14 1.400973552574186765e-01 1.965417703351843404e+00 -1.399969460211239358e+00 nan nan nan nan nan nan nan nan
